Vertex Count: 48

Data:

-3.0003 0 -15.9176 0.25 1 0 1 0
-6.0005 0 -15.9176 0 1 0 1 0
-6.0005 0 -7.9588 0 0.75 0 1 0
0 0 -15.9176 0.5 1 0 1 0
-3.0003 0 -15.9176 0.25 1 0 1 0
-3.0003 0 -7.9588 0.25 0.75 0 1 0
3.0003 0 -15.9176 0.75 1 0 1 0
0 0 -15.9176 0.5 1 0 1 0
0 0 -7.9588 0.5 0.75 0 1 0
6.0005 0 -15.9176 1 1 0 1 0
3.0003 0 -15.9176 0.75 1 0 1 0
3.0003 0 -7.9588 0.75 0.75 0 1 0
-3.0003 0 -7.9588 0.25 0.75 0 1 0
-6.0005 0 -7.9588 0 0.75 0 1 0
-6.0005 0 0 0 0.5 0 1 0
0 0 -7.9588 0.5 0.75 0 1 0
-3.0003 0 -7.9588 0.25 0.75 0 1 0
-3.0003 0 0 0.25 0.5 0 1 0
3.0003 0 -7.9588 0.75 0.75 0 1 0
0 0 -7.9588 0.5 0.75 0 1 0
0 0 0 0.5 0.5 0 1 0
6.0005 0 -7.9588 1 0.75 0 1 0
3.0003 0 -7.9588 0.75 0.75 0 1 0
3.0003 0 0 0.75 0.5 0 1 0
-3.0003 0 0 0.25 0.5 0 1 0
-6.0005 0 0 0 0.5 0 1 0
-6.0005 0 7.9588 0 0.25 0 1 0
0 0 0 0.5 0.5 0 1 0
-3.0003 0 0 0.25 0.5 0 1 0
-3.0003 0 7.9588 0.25 0.25 0 1 0
3.0003 0 0 0.75 0.5 0 1 0
0 0 0 0.5 0.5 0 1 0
0 0 7.9588 0.5 0.25 0 1 0
6.0005 0 0 1 0.5 0 1 0
3.0003 0 0 0.75 0.5 0 1 0
3.0003 0 7.9588 0.75 0.25 0 1 0
-3.0003 0 7.9588 0.25 0.25 0 1 0
-6.0005 0 7.9588 0 0.25 0 1 0
-6.0005 0 15.9176 0 0 0 1 0
0 0 7.9588 0.5 0.25 0 1 0
-3.0003 0 7.9588 0.25 0.25 0 1 0
-3.0003 0 15.9176 0.25 0 0 1 0
3.0003 0 7.9588 0.75 0.25 0 1 0
0 0 7.9588 0.5 0.25 0 1 0
0 0 15.9176 0.5 0 0 1 0
6.0005 0 7.9588 1 0.25 0 1 0
3.0003 0 7.9588 0.75 0.25 0 1 0
3.0003 0 15.9176 0.75 0 0 1 0
