Vertex Count: 96

Data:

-69.7418 0 -68.805 0.25 0.75 0 1 0
-139.084 0 -138.877 0 1 0 1 0
-139.084 0 -68.805 0 0.75 0 1 0
-139.084 0 -138.877 0 1 0 1 0
-69.7418 0 -68.805 0.25 0.75 0 1 0
-69.7418 0 -138.877 0.25 1 0 1 0
-0.3992 0 -68.805 0.5 0.75 0 1 0
-69.7418 0 -138.877 0.25 1 0 1 0
-69.7418 0 -68.805 0.25 0.75 0 1 0
-69.7418 0 -138.877 0.25 1 0 1 0
-0.3992 0 -68.805 0.5 0.75 0 1 0
-0.3992 0 -138.877 0.5 1 0 1 0
68.9434 0 -68.805 0.75 0.75 0 1 0
-0.3992 0 -138.877 0.5 1 0 1 0
-0.3992 0 -68.805 0.5 0.75 0 1 0
-0.3992 0 -138.877 0.5 1 0 1 0
68.9434 0 -68.805 0.75 0.75 0 1 0
68.9434 0 -138.877 0.75 1 0 1 0
138.286 0 -68.805 1 0.75 0 1 0
68.9434 0 -138.877 0.75 1 0 1 0
68.9434 0 -68.805 0.75 0.75 0 1 0
68.9434 0 -138.877 0.75 1 0 1 0
138.286 0 -68.805 1 0.75 0 1 0
138.286 0 -138.877 1 1 0 1 0
-69.7418 0 1.267 0.25 0.5 0 1 0
-139.084 0 -68.805 0 0.75 0 1 0
-139.084 0 1.267 0 0.5 0 1 0
-139.084 0 -68.805 0 0.75 0 1 0
-69.7418 0 1.267 0.25 0.5 0 1 0
-69.7418 0 -68.805 0.25 0.75 0 1 0
-0.3992 0 1.267 0.5 0.5 0 1 0
-69.7418 0 -68.805 0.25 0.75 0 1 0
-69.7418 0 1.267 0.25 0.5 0 1 0
-69.7418 0 -68.805 0.25 0.75 0 1 0
-0.3992 0 1.267 0.5 0.5 0 1 0
-0.3992 0 -68.805 0.5 0.75 0 1 0
68.9434 0 1.267 0.75 0.5 0 1 0
-0.3992 0 -68.805 0.5 0.75 0 1 0
-0.3992 0 1.267 0.5 0.5 0 1 0
-0.3992 0 -68.805 0.5 0.75 0 1 0
68.9434 0 1.267 0.75 0.5 0 1 0
68.9434 0 -68.805 0.75 0.75 0 1 0
138.286 0 1.267 1 0.5 0 1 0
68.9434 0 -68.805 0.75 0.75 0 1 0
68.9434 0 1.267 0.75 0.5 0 1 0
68.9434 0 -68.805 0.75 0.75 0 1 0
138.286 0 1.267 1 0.5 0 1 0
138.286 0 -68.805 1 0.75 0 1 0
-69.7418 0 71.339 0.25 0.25 0 1 0
-139.084 0 1.267 0 0.5 0 1 0
-139.084 0 71.339 0 0.25 0 1 0
-139.084 0 1.267 0 0.5 0 1 0
-69.7418 0 71.339 0.25 0.25 0 1 0
-69.7418 0 1.267 0.25 0.5 0 1 0
-0.3992 0 71.339 0.5 0.25 0 1 0
-69.7418 0 1.267 0.25 0.5 0 1 0
-69.7418 0 71.339 0.25 0.25 0 1 0
-69.7418 0 1.267 0.25 0.5 0 1 0
-0.3992 0 71.339 0.5 0.25 0 1 0
-0.3992 0 1.267 0.5 0.5 0 1 0
68.9434 0 71.339 0.75 0.25 0 1 0
-0.3992 0 1.267 0.5 0.5 0 1 0
-0.3992 0 71.339 0.5 0.25 0 1 0
-0.3992 0 1.267 0.5 0.5 0 1 0
68.9434 0 71.339 0.75 0.25 0 1 0
68.9434 0 1.267 0.75 0.5 0 1 0
138.286 0 71.339 1 0.25 0 1 0
68.9434 0 1.267 0.75 0.5 0 1 0
68.9434 0 71.339 0.75 0.25 0 1 0
68.9434 0 1.267 0.75 0.5 0 1 0
138.286 0 71.339 1 0.25 0 1 0
138.286 0 1.267 1 0.5 0 1 0
-69.7418 0 141.411 0.25 0 0 1 0
-139.084 0 71.339 0 0.25 0 1 0
-139.084 0 141.411 0 0 0 1 0
-139.084 0 71.339 0 0.25 0 1 0
-69.7418 0 141.411 0.25 0 0 1 0
-69.7418 0 71.339 0.25 0.25 0 1 0
-0.3992 0 141.411 0.5 0 0 1 0
-69.7418 0 71.339 0.25 0.25 0 1 0
-69.7418 0 141.411 0.25 0 0 1 0
-69.7418 0 71.339 0.25 0.25 0 1 0
-0.3992 0 141.411 0.5 0 0 1 0
-0.3992 0 71.339 0.5 0.25 0 1 0
68.9434 0 141.411 0.75 0 0 1 0
-0.3992 0 71.339 0.5 0.25 0 1 0
-0.3992 0 141.411 0.5 0 0 1 0
-0.3992 0 71.339 0.5 0.25 0 1 0
68.9434 0 141.411 0.75 0 0 1 0
68.9434 0 71.339 0.75 0.25 0 1 0
138.286 0 141.411 1 0 0 1 0
68.9434 0 71.339 0.75 0.25 0 1 0
68.9434 0 141.411 0.75 0 0 1 0
68.9434 0 71.339 0.75 0.25 0 1 0
138.286 0 141.411 1 0 0 1 0
138.286 0 71.339 1 0.25 0 1 0
