Vertex Count: 96

Data:

-35.0705 0 -33.769 0.25 0.75 0 1 0
-69.7418 0 -68.805 0 1 0 1 0
-69.7418 0 -33.769 0 0.75 0 1 0
-69.7418 0 -68.805 0 1 0 1 0
-35.0705 0 -33.769 0.25 0.75 0 1 0
-35.0705 0 -68.805 0.25 1 0 1 0
-0.3992 0 -33.769 0.5 0.75 0 1 0
-35.0705 0 -68.805 0.25 1 0 1 0
-35.0705 0 -33.769 0.25 0.75 0 1 0
-35.0705 0 -68.805 0.25 1 0 1 0
-0.3992 0 -33.769 0.5 0.75 0 1 0
-0.3992 0 -68.805 0.5 1 0 1 0
34.2721 0 -33.769 0.75 0.75 0 1 0
-0.3992 0 -68.805 0.5 1 0 1 0
-0.3992 0 -33.769 0.5 0.75 0 1 0
-0.3992 0 -68.805 0.5 1 0 1 0
34.2721 0 -33.769 0.75 0.75 0 1 0
34.2721 0 -68.805 0.75 1 0 1 0
68.9434 0 -33.769 1 0.75 0 1 0
34.2721 0 -68.805 0.75 1 0 1 0
34.2721 0 -33.769 0.75 0.75 0 1 0
34.2721 0 -68.805 0.75 1 0 1 0
68.9434 0 -33.769 1 0.75 0 1 0
68.9434 0 -68.805 1 1 0 1 0
-35.0705 0 1.267 0.25 0.5 0 1 0
-69.7418 0 -33.769 0 0.75 0 1 0
-69.7418 0 1.267 0 0.5 0 1 0
-69.7418 0 -33.769 0 0.75 0 1 0
-35.0705 0 1.267 0.25 0.5 0 1 0
-35.0705 0 -33.769 0.25 0.75 0 1 0
-0.3992 0 1.267 0.5 0.5 0 1 0
-35.0705 0 -33.769 0.25 0.75 0 1 0
-35.0705 0 1.267 0.25 0.5 0 1 0
-35.0705 0 -33.769 0.25 0.75 0 1 0
-0.3992 0 1.267 0.5 0.5 0 1 0
-0.3992 0 -33.769 0.5 0.75 0 1 0
34.2721 0 1.267 0.75 0.5 0 1 0
-0.3992 0 -33.769 0.5 0.75 0 1 0
-0.3992 0 1.267 0.5 0.5 0 1 0
-0.3992 0 -33.769 0.5 0.75 0 1 0
34.2721 0 1.267 0.75 0.5 0 1 0
34.2721 0 -33.769 0.75 0.75 0 1 0
68.9434 0 1.267 1 0.5 0 1 0
34.2721 0 -33.769 0.75 0.75 0 1 0
34.2721 0 1.267 0.75 0.5 0 1 0
34.2721 0 -33.769 0.75 0.75 0 1 0
68.9434 0 1.267 1 0.5 0 1 0
68.9434 0 -33.769 1 0.75 0 1 0
-35.0705 0 36.303 0.25 0.25 0 1 0
-69.7418 0 1.267 0 0.5 0 1 0
-69.7418 0 36.303 0 0.25 0 1 0
-69.7418 0 1.267 0 0.5 0 1 0
-35.0705 0 36.303 0.25 0.25 0 1 0
-35.0705 0 1.267 0.25 0.5 0 1 0
-0.3992 0 36.303 0.5 0.25 0 1 0
-35.0705 0 1.267 0.25 0.5 0 1 0
-35.0705 0 36.303 0.25 0.25 0 1 0
-35.0705 0 1.267 0.25 0.5 0 1 0
-0.3992 0 36.303 0.5 0.25 0 1 0
-0.3992 0 1.267 0.5 0.5 0 1 0
34.2721 0 36.303 0.75 0.25 0 1 0
-0.3992 0 1.267 0.5 0.5 0 1 0
-0.3992 0 36.303 0.5 0.25 0 1 0
-0.3992 0 1.267 0.5 0.5 0 1 0
34.2721 0 36.303 0.75 0.25 0 1 0
34.2721 0 1.267 0.75 0.5 0 1 0
68.9434 0 36.303 1 0.25 0 1 0
34.2721 0 1.267 0.75 0.5 0 1 0
34.2721 0 36.303 0.75 0.25 0 1 0
34.2721 0 1.267 0.75 0.5 0 1 0
68.9434 0 36.303 1 0.25 0 1 0
68.9434 0 1.267 1 0.5 0 1 0
-35.0705 0 71.339 0.25 0 0 1 0
-69.7418 0 36.303 0 0.25 0 1 0
-69.7418 0 71.339 0 0 0 1 0
-69.7418 0 36.303 0 0.25 0 1 0
-35.0705 0 71.339 0.25 0 0 1 0
-35.0705 0 36.303 0.25 0.25 0 1 0
-0.3992 0 71.339 0.5 0 0 1 0
-35.0705 0 36.303 0.25 0.25 0 1 0
-35.0705 0 71.339 0.25 0 0 1 0
-35.0705 0 36.303 0.25 0.25 0 1 0
-0.3992 0 71.339 0.5 0 0 1 0
-0.3992 0 36.303 0.5 0.25 0 1 0
34.2721 0 71.339 0.75 0 0 1 0
-0.3992 0 36.303 0.5 0.25 0 1 0
-0.3992 0 71.339 0.5 0 0 1 0
-0.3992 0 36.303 0.5 0.25 0 1 0
34.2721 0 71.339 0.75 0 0 1 0
34.2721 0 36.303 0.75 0.25 0 1 0
68.9434 0 71.339 1 0 0 1 0
34.2721 0 36.303 0.75 0.25 0 1 0
34.2721 0 71.339 0.75 0 0 1 0
34.2721 0 36.303 0.75 0.25 0 1 0
68.9434 0 71.339 1 0 0 1 0
68.9434 0 36.303 1 0.25 0 1 0
