Vertex Count: 96

Data:

-12.7847 0 -70.468 0.25 0.75 0 1 0
-25.5694 0 -140.936 0 1 0 1 0
-25.5694 0 -70.468 0 0.75 0 1 0
-25.5694 0 -140.936 0 1 0 1 0
-12.7847 0 -70.468 0.25 0.75 0 1 0
-12.7847 0 -140.936 0.25 1 0 1 0
0 0 -70.468 0.5 0.75 0 1 0
-12.7847 0 -140.936 0.25 1 0 1 0
-12.7847 0 -70.468 0.25 0.75 0 1 0
-12.7847 0 -140.936 0.25 1 0 1 0
0 0 -70.468 0.5 0.75 0 1 0
0 0 -140.936 0.5 1 0 1 0
12.7847 0 -70.468 0.75 0.75 0 1 0
0 0 -140.936 0.5 1 0 1 0
0 0 -70.468 0.5 0.75 0 1 0
0 0 -140.936 0.5 1 0 1 0
12.7847 0 -70.468 0.75 0.75 0 1 0
12.7847 0 -140.936 0.75 1 0 1 0
25.5694 0 -70.468 1 0.75 0 1 0
12.7847 0 -140.936 0.75 1 0 1 0
12.7847 0 -70.468 0.75 0.75 0 1 0
12.7847 0 -140.936 0.75 1 0 1 0
25.5694 0 -70.468 1 0.75 0 1 0
25.5694 0 -140.936 1 1 0 1 0
-12.7847 0 0 0.25 0.5 0 1 0
-25.5694 0 -70.468 0 0.75 0 1 0
-25.5694 0 0 0 0.5 0 1 0
-25.5694 0 -70.468 0 0.75 0 1 0
-12.7847 0 0 0.25 0.5 0 1 0
-12.7847 0 -70.468 0.25 0.75 0 1 0
0 0 0 0.5 0.5 0 1 0
-12.7847 0 -70.468 0.25 0.75 0 1 0
-12.7847 0 0 0.25 0.5 0 1 0
-12.7847 0 -70.468 0.25 0.75 0 1 0
0 0 0 0.5 0.5 0 1 0
0 0 -70.468 0.5 0.75 0 1 0
12.7847 0 0 0.75 0.5 0 1 0
0 0 -70.468 0.5 0.75 0 1 0
0 0 0 0.5 0.5 0 1 0
0 0 -70.468 0.5 0.75 0 1 0
12.7847 0 0 0.75 0.5 0 1 0
12.7847 0 -70.468 0.75 0.75 0 1 0
25.5694 0 0 1 0.5 0 1 0
12.7847 0 -70.468 0.75 0.75 0 1 0
12.7847 0 0 0.75 0.5 0 1 0
12.7847 0 -70.468 0.75 0.75 0 1 0
25.5694 0 0 1 0.5 0 1 0
25.5694 0 -70.468 1 0.75 0 1 0
-12.7847 0 70.468 0.25 0.25 0 1 0
-25.5694 0 0 0 0.5 0 1 0
-25.5694 0 70.468 0 0.25 0 1 0
-25.5694 0 0 0 0.5 0 1 0
-12.7847 0 70.468 0.25 0.25 0 1 0
-12.7847 0 0 0.25 0.5 0 1 0
0 0 70.468 0.5 0.25 0 1 0
-12.7847 0 0 0.25 0.5 0 1 0
-12.7847 0 70.468 0.25 0.25 0 1 0
-12.7847 0 0 0.25 0.5 0 1 0
0 0 70.468 0.5 0.25 0 1 0
0 0 0 0.5 0.5 0 1 0
12.7847 0 70.468 0.75 0.25 0 1 0
0 0 0 0.5 0.5 0 1 0
0 0 70.468 0.5 0.25 0 1 0
0 0 0 0.5 0.5 0 1 0
12.7847 0 70.468 0.75 0.25 0 1 0
12.7847 0 0 0.75 0.5 0 1 0
25.5694 0 70.468 1 0.25 0 1 0
12.7847 0 0 0.75 0.5 0 1 0
12.7847 0 70.468 0.75 0.25 0 1 0
12.7847 0 0 0.75 0.5 0 1 0
25.5694 0 70.468 1 0.25 0 1 0
25.5694 0 0 1 0.5 0 1 0
-12.7847 0 140.936 0.25 0 0 1 0
-25.5694 0 70.468 0 0.25 0 1 0
-25.5694 0 140.936 0 0 0 1 0
-25.5694 0 70.468 0 0.25 0 1 0
-12.7847 0 140.936 0.25 0 0 1 0
-12.7847 0 70.468 0.25 0.25 0 1 0
0 0 140.936 0.5 0 0 1 0
-12.7847 0 70.468 0.25 0.25 0 1 0
-12.7847 0 140.936 0.25 0 0 1 0
-12.7847 0 70.468 0.25 0.25 0 1 0
0 0 140.936 0.5 0 0 1 0
0 0 70.468 0.5 0.25 0 1 0
12.7847 0 140.936 0.75 0 0 1 0
0 0 70.468 0.5 0.25 0 1 0
0 0 140.936 0.5 0 0 1 0
0 0 70.468 0.5 0.25 0 1 0
12.7847 0 140.936 0.75 0 0 1 0
12.7847 0 70.468 0.75 0.25 0 1 0
25.5694 0 140.936 1 0 0 1 0
12.7847 0 70.468 0.75 0.25 0 1 0
12.7847 0 140.936 0.75 0 0 1 0
12.7847 0 70.468 0.75 0.25 0 1 0
25.5694 0 140.936 1 0 0 1 0
25.5694 0 70.468 1 0.25 0 1 0
