Vertex Count: 1440

Data:

-0 74.1181 14.743 0 0.0625 0 -0.9796 -0.201
-2.8762 74.1181 14.4597 0.0313 0.0625 0.0392 -0.9796 -0.1971
0 75.5702 0 0 0 0 -1 0
-2.8762 74.1181 14.4597 0.0313 0.0625 0.0392 -0.9796 -0.1971
-5.6419 74.1181 13.6208 0.0625 0.0625 0.0769 -0.9796 -0.1857
0 75.5702 0 0.0313 0 0 -1 0
-5.6419 74.1181 13.6208 0.0625 0.0625 0.0769 -0.9796 -0.1857
-8.1908 74.1181 12.2584 0.0938 0.0625 0.1117 -0.9796 -0.1671
0 75.5702 0 0.0625 0 0 -1 0
-8.1908 74.1181 12.2584 0.0938 0.0625 0.1117 -0.9796 -0.1671
-10.4249 74.1181 10.4249 0.125 0.0625 0.1421 -0.9796 -0.1421
0 75.5702 0 0.0938 0 0 -1 0
-10.4249 74.1181 10.4249 0.125 0.0625 0.1421 -0.9796 -0.1421
-12.2584 74.1181 8.1908 0.1563 0.0625 0.1671 -0.9796 -0.1117
0 75.5702 0 0.125 0 0 -1 0
-12.2584 74.1181 8.1908 0.1563 0.0625 0.1671 -0.9796 -0.1117
-13.6208 74.1181 5.6419 0.1875 0.0625 0.1857 -0.9796 -0.0769
0 75.5702 0 0.1563 0 0 -1 0
-13.6208 74.1181 5.6419 0.1875 0.0625 0.1857 -0.9796 -0.0769
-14.4597 74.1181 2.8762 0.2187 0.0625 0.1971 -0.9796 -0.0392
0 75.5702 0 0.1875 0 0 -1 0
-14.4597 74.1181 2.8762 0.2187 0.0625 0.1971 -0.9796 -0.0392
-14.743 74.1181 -0 0.25 0.0625 0.201 -0.9796 0
0 75.5702 0 0.2187 0 0 -1 0
-14.743 74.1181 -0 0.25 0.0625 0.201 -0.9796 0
-14.4597 74.1181 -2.8762 0.2812 0.0625 0.1971 -0.9796 0.0392
0 75.5702 0 0.25 0 0 -1 0
-14.4597 74.1181 -2.8762 0.2812 0.0625 0.1971 -0.9796 0.0392
-13.6208 74.1181 -5.6419 0.3125 0.0625 0.1857 -0.9796 0.0769
0 75.5702 0 0.2812 0 0 -1 0
-13.6208 74.1181 -5.6419 0.3125 0.0625 0.1857 -0.9796 0.0769
-12.2584 74.1181 -8.1908 0.3437 0.0625 0.1671 -0.9796 0.1117
0 75.5702 0 0.3125 0 0 -1 0
-12.2584 74.1181 -8.1908 0.3437 0.0625 0.1671 -0.9796 0.1117
-10.4249 74.1181 -10.4249 0.375 0.0625 0.1421 -0.9796 0.1421
0 75.5702 0 0.3437 0 0 -1 0
-10.4249 74.1181 -10.4249 0.375 0.0625 0.1421 -0.9796 0.1421
-8.1908 74.1181 -12.2584 0.4063 0.0625 0.1117 -0.9796 0.1671
0 75.5702 0 0.375 0 0 -1 0
-8.1908 74.1181 -12.2584 0.4063 0.0625 0.1117 -0.9796 0.1671
-5.6419 74.1181 -13.6208 0.4375 0.0625 0.0769 -0.9796 0.1857
0 75.5702 0 0.4063 0 0 -1 0
-5.6419 74.1181 -13.6208 0.4375 0.0625 0.0769 -0.9796 0.1857
-2.8762 74.1181 -14.4597 0.4688 0.0625 0.0392 -0.9796 0.1971
0 75.5702 0 0.4375 0 0 -1 0
-2.8762 74.1181 -14.4597 0.4688 0.0625 0.0392 -0.9796 0.1971
0 74.1181 -14.743 0.5 0.0625 -0 -0.9796 0.201
0 75.5702 0 0.4688 0 0 -1 0
0 74.1181 -14.743 0.5 0.0625 -0 -0.9796 0.201
2.8762 74.1181 -14.4597 0.5313 0.0625 -0.0392 -0.9796 0.1971
0 75.5702 0 0.5 0 0 -1 0
2.8762 74.1181 -14.4597 0.5313 0.0625 -0.0392 -0.9796 0.1971
5.6419 74.1181 -13.6208 0.5625 0.0625 -0.0769 -0.9796 0.1857
0 75.5702 0 0.5313 0 0 -1 0
5.6419 74.1181 -13.6208 0.5625 0.0625 -0.0769 -0.9796 0.1857
8.1908 74.1181 -12.2584 0.5938 0.0625 -0.1117 -0.9796 0.1671
0 75.5702 0 0.5625 0 0 -1 0
8.1908 74.1181 -12.2584 0.5938 0.0625 -0.1117 -0.9796 0.1671
10.4249 74.1181 -10.4249 0.625 0.0625 -0.1421 -0.9796 0.1421
0 75.5702 0 0.5938 0 0 -1 0
10.4249 74.1181 -10.4249 0.625 0.0625 -0.1421 -0.9796 0.1421
12.2584 74.1181 -8.1908 0.6563 0.0625 -0.1671 -0.9796 0.1117
0 75.5702 0 0.625 0 0 -1 0
12.2584 74.1181 -8.1908 0.6563 0.0625 -0.1671 -0.9796 0.1117
13.6208 74.1181 -5.6419 0.6875 0.0625 -0.1857 -0.9796 0.0769
0 75.5702 0 0.6563 0 0 -1 0
13.6208 74.1181 -5.6419 0.6875 0.0625 -0.1857 -0.9796 0.0769
14.4597 74.1181 -2.8762 0.7188 0.0625 -0.1971 -0.9796 0.0392
0 75.5702 0 0.6875 0 0 -1 0
14.4597 74.1181 -2.8762 0.7188 0.0625 -0.1971 -0.9796 0.0392
14.743 74.1181 0 0.75 0.0625 -0.201 -0.9796 -0
0 75.5702 0 0.7188 0 0 -1 0
14.743 74.1181 0 0.75 0.0625 -0.201 -0.9796 -0
14.4597 74.1181 2.8762 0.7813 0.0625 -0.1971 -0.9796 -0.0392
0 75.5702 0 0.75 0 0 -1 0
14.4597 74.1181 2.8762 0.7813 0.0625 -0.1971 -0.9796 -0.0392
13.6208 74.1181 5.6419 0.8125 0.0625 -0.1857 -0.9796 -0.0769
0 75.5702 0 0.7813 0 0 -1 0
13.6208 74.1181 5.6419 0.8125 0.0625 -0.1857 -0.9796 -0.0769
12.2583 74.1181 8.1908 0.8438 0.0625 -0.1671 -0.9796 -0.1117
0 75.5702 0 0.8125 0 0 -1 0
12.2583 74.1181 8.1908 0.8438 0.0625 -0.1671 -0.9796 -0.1117
10.4249 74.1181 10.4249 0.875 0.0625 -0.1421 -0.9796 -0.1421
0 75.5702 0 0.8438 0 0 -1 0
10.4249 74.1181 10.4249 0.875 0.0625 -0.1421 -0.9796 -0.1421
8.1908 74.1181 12.2584 0.9063 0.0625 -0.1117 -0.9796 -0.1671
0 75.5702 0 0.875 0 0 -1 0
8.1908 74.1181 12.2584 0.9063 0.0625 -0.1117 -0.9796 -0.1671
5.6419 74.1181 13.6208 0.9375 0.0625 -0.0769 -0.9796 -0.1857
0 75.5702 0 0.9063 0 0 -1 0
5.6419 74.1181 13.6208 0.9375 0.0625 -0.0769 -0.9796 -0.1857
2.8762 74.1181 14.4597 0.9688 0.0625 -0.0392 -0.9796 -0.1971
0 75.5702 0 0.9375 0 0 -1 0
2.8762 74.1181 14.4597 0.9688 0.0625 -0.0392 -0.9796 -0.1971
-0 74.1181 14.743 1 0.0625 0 -0.9796 -0.201
0 75.5702 0 0.9688 0 0 -1 0
-0 74.1181 14.743 0 0.0625 0 -0.9796 -0.201
-0 69.8177 28.9195 0 0.125 0 -0.9217 -0.3879
-5.6419 69.8177 28.3638 0.0313 0.125 0.0757 -0.9217 -0.3804
-5.6419 69.8177 28.3638 0.0313 0.125 0.0757 -0.9217 -0.3804
-2.8762 74.1181 14.4597 0.0313 0.0625 0.0392 -0.9796 -0.1971
-0 74.1181 14.743 0 0.0625 0 -0.9796 -0.201
-2.8762 74.1181 14.4597 0.0313 0.0625 0.0392 -0.9796 -0.1971
-5.6419 69.8177 28.3638 0.0313 0.125 0.0757 -0.9217 -0.3804
-11.067 69.8177 26.7181 0.0625 0.125 0.1484 -0.9217 -0.3584
-11.067 69.8177 26.7181 0.0625 0.125 0.1484 -0.9217 -0.3584
-5.6419 74.1181 13.6208 0.0625 0.0625 0.0769 -0.9796 -0.1857
-2.8762 74.1181 14.4597 0.0313 0.0625 0.0392 -0.9796 -0.1971
-5.6419 74.1181 13.6208 0.0625 0.0625 0.0769 -0.9796 -0.1857
-11.067 69.8177 26.7181 0.0625 0.125 0.1484 -0.9217 -0.3584
-16.0668 69.8177 24.0457 0.0938 0.125 0.2155 -0.9217 -0.3225
-16.0668 69.8177 24.0457 0.0938 0.125 0.2155 -0.9217 -0.3225
-8.1908 74.1181 12.2584 0.0938 0.0625 0.1117 -0.9796 -0.1671
-5.6419 74.1181 13.6208 0.0625 0.0625 0.0769 -0.9796 -0.1857
-8.1908 74.1181 12.2584 0.0938 0.0625 0.1117 -0.9796 -0.1671
-16.0668 69.8177 24.0457 0.0938 0.125 0.2155 -0.9217 -0.3225
-20.4491 69.8177 20.4491 0.125 0.125 0.2743 -0.9217 -0.2743
-20.4491 69.8177 20.4491 0.125 0.125 0.2743 -0.9217 -0.2743
-10.4249 74.1181 10.4249 0.125 0.0625 0.1421 -0.9796 -0.1421
-8.1908 74.1181 12.2584 0.0938 0.0625 0.1117 -0.9796 -0.1671
-10.4249 74.1181 10.4249 0.125 0.0625 0.1421 -0.9796 -0.1421
-20.4491 69.8177 20.4491 0.125 0.125 0.2743 -0.9217 -0.2743
-24.0457 69.8177 16.0668 0.1563 0.125 0.3225 -0.9217 -0.2155
-24.0457 69.8177 16.0668 0.1563 0.125 0.3225 -0.9217 -0.2155
-12.2584 74.1181 8.1908 0.1563 0.0625 0.1671 -0.9796 -0.1117
-10.4249 74.1181 10.4249 0.125 0.0625 0.1421 -0.9796 -0.1421
-12.2584 74.1181 8.1908 0.1563 0.0625 0.1671 -0.9796 -0.1117
-24.0457 69.8177 16.0668 0.1563 0.125 0.3225 -0.9217 -0.2155
-26.7181 69.8177 11.067 0.1875 0.125 0.3584 -0.9217 -0.1484
-26.7181 69.8177 11.067 0.1875 0.125 0.3584 -0.9217 -0.1484
-13.6208 74.1181 5.6419 0.1875 0.0625 0.1857 -0.9796 -0.0769
-12.2584 74.1181 8.1908 0.1563 0.0625 0.1671 -0.9796 -0.1117
-13.6208 74.1181 5.6419 0.1875 0.0625 0.1857 -0.9796 -0.0769
-26.7181 69.8177 11.067 0.1875 0.125 0.3584 -0.9217 -0.1484
-28.3638 69.8177 5.6419 0.2187 0.125 0.3804 -0.9217 -0.0757
-28.3638 69.8177 5.6419 0.2187 0.125 0.3804 -0.9217 -0.0757
-14.4597 74.1181 2.8762 0.2187 0.0625 0.1971 -0.9796 -0.0392
-13.6208 74.1181 5.6419 0.1875 0.0625 0.1857 -0.9796 -0.0769
-14.4597 74.1181 2.8762 0.2187 0.0625 0.1971 -0.9796 -0.0392
-28.3638 69.8177 5.6419 0.2187 0.125 0.3804 -0.9217 -0.0757
-28.9195 69.8177 -0 0.25 0.125 0.3879 -0.9217 0
-28.9195 69.8177 -0 0.25 0.125 0.3879 -0.9217 0
-14.743 74.1181 -0 0.25 0.0625 0.201 -0.9796 0
-14.4597 74.1181 2.8762 0.2187 0.0625 0.1971 -0.9796 -0.0392
-14.743 74.1181 -0 0.25 0.0625 0.201 -0.9796 0
-28.9195 69.8177 -0 0.25 0.125 0.3879 -0.9217 0
-28.3638 69.8177 -5.6419 0.2812 0.125 0.3804 -0.9217 0.0757
-28.3638 69.8177 -5.6419 0.2812 0.125 0.3804 -0.9217 0.0757
-14.4597 74.1181 -2.8762 0.2812 0.0625 0.1971 -0.9796 0.0392
-14.743 74.1181 -0 0.25 0.0625 0.201 -0.9796 0
-14.4597 74.1181 -2.8762 0.2812 0.0625 0.1971 -0.9796 0.0392
-28.3638 69.8177 -5.6419 0.2812 0.125 0.3804 -0.9217 0.0757
-26.7181 69.8177 -11.067 0.3125 0.125 0.3584 -0.9217 0.1484
-26.7181 69.8177 -11.067 0.3125 0.125 0.3584 -0.9217 0.1484
-13.6208 74.1181 -5.6419 0.3125 0.0625 0.1857 -0.9796 0.0769
-14.4597 74.1181 -2.8762 0.2812 0.0625 0.1971 -0.9796 0.0392
-13.6208 74.1181 -5.6419 0.3125 0.0625 0.1857 -0.9796 0.0769
-26.7181 69.8177 -11.067 0.3125 0.125 0.3584 -0.9217 0.1484
-24.0456 69.8177 -16.0668 0.3437 0.125 0.3225 -0.9217 0.2155
-24.0456 69.8177 -16.0668 0.3437 0.125 0.3225 -0.9217 0.2155
-12.2584 74.1181 -8.1908 0.3437 0.0625 0.1671 -0.9796 0.1117
-13.6208 74.1181 -5.6419 0.3125 0.0625 0.1857 -0.9796 0.0769
-12.2584 74.1181 -8.1908 0.3437 0.0625 0.1671 -0.9796 0.1117
-24.0456 69.8177 -16.0668 0.3437 0.125 0.3225 -0.9217 0.2155
-20.4491 69.8177 -20.4492 0.375 0.125 0.2743 -0.9217 0.2743
-20.4491 69.8177 -20.4492 0.375 0.125 0.2743 -0.9217 0.2743
-10.4249 74.1181 -10.4249 0.375 0.0625 0.1421 -0.9796 0.1421
-12.2584 74.1181 -8.1908 0.3437 0.0625 0.1671 -0.9796 0.1117
-10.4249 74.1181 -10.4249 0.375 0.0625 0.1421 -0.9796 0.1421
-20.4491 69.8177 -20.4492 0.375 0.125 0.2743 -0.9217 0.2743
-16.0668 69.8177 -24.0457 0.4063 0.125 0.2155 -0.9217 0.3225
-16.0668 69.8177 -24.0457 0.4063 0.125 0.2155 -0.9217 0.3225
-8.1908 74.1181 -12.2584 0.4063 0.0625 0.1117 -0.9796 0.1671
-10.4249 74.1181 -10.4249 0.375 0.0625 0.1421 -0.9796 0.1421
-8.1908 74.1181 -12.2584 0.4063 0.0625 0.1117 -0.9796 0.1671
-16.0668 69.8177 -24.0457 0.4063 0.125 0.2155 -0.9217 0.3225
-11.067 69.8177 -26.7181 0.4375 0.125 0.1484 -0.9217 0.3584
-11.067 69.8177 -26.7181 0.4375 0.125 0.1484 -0.9217 0.3584
-5.6419 74.1181 -13.6208 0.4375 0.0625 0.0769 -0.9796 0.1857
-8.1908 74.1181 -12.2584 0.4063 0.0625 0.1117 -0.9796 0.1671
-5.6419 74.1181 -13.6208 0.4375 0.0625 0.0769 -0.9796 0.1857
-11.067 69.8177 -26.7181 0.4375 0.125 0.1484 -0.9217 0.3584
-5.6419 69.8177 -28.3638 0.4688 0.125 0.0757 -0.9217 0.3804
-5.6419 69.8177 -28.3638 0.4688 0.125 0.0757 -0.9217 0.3804
-2.8762 74.1181 -14.4597 0.4688 0.0625 0.0392 -0.9796 0.1971
-5.6419 74.1181 -13.6208 0.4375 0.0625 0.0769 -0.9796 0.1857
-2.8762 74.1181 -14.4597 0.4688 0.0625 0.0392 -0.9796 0.1971
-5.6419 69.8177 -28.3638 0.4688 0.125 0.0757 -0.9217 0.3804
0 69.8177 -28.9195 0.5 0.125 -0 -0.9217 0.3879
0 69.8177 -28.9195 0.5 0.125 -0 -0.9217 0.3879
0 74.1181 -14.743 0.5 0.0625 -0 -0.9796 0.201
-2.8762 74.1181 -14.4597 0.4688 0.0625 0.0392 -0.9796 0.1971
0 74.1181 -14.743 0.5 0.0625 -0 -0.9796 0.201
0 69.8177 -28.9195 0.5 0.125 -0 -0.9217 0.3879
5.6419 69.8177 -28.3638 0.5313 0.125 -0.0757 -0.9217 0.3804
5.6419 69.8177 -28.3638 0.5313 0.125 -0.0757 -0.9217 0.3804
2.8762 74.1181 -14.4597 0.5313 0.0625 -0.0392 -0.9796 0.1971
0 74.1181 -14.743 0.5 0.0625 -0 -0.9796 0.201
2.8762 74.1181 -14.4597 0.5313 0.0625 -0.0392 -0.9796 0.1971
5.6419 69.8177 -28.3638 0.5313 0.125 -0.0757 -0.9217 0.3804
11.067 69.8177 -26.7181 0.5625 0.125 -0.1484 -0.9217 0.3584
11.067 69.8177 -26.7181 0.5625 0.125 -0.1484 -0.9217 0.3584
5.6419 74.1181 -13.6208 0.5625 0.0625 -0.0769 -0.9796 0.1857
2.8762 74.1181 -14.4597 0.5313 0.0625 -0.0392 -0.9796 0.1971
5.6419 74.1181 -13.6208 0.5625 0.0625 -0.0769 -0.9796 0.1857
11.067 69.8177 -26.7181 0.5625 0.125 -0.1484 -0.9217 0.3584
16.0668 69.8177 -24.0456 0.5938 0.125 -0.2155 -0.9217 0.3225
16.0668 69.8177 -24.0456 0.5938 0.125 -0.2155 -0.9217 0.3225
8.1908 74.1181 -12.2584 0.5938 0.0625 -0.1117 -0.9796 0.1671
5.6419 74.1181 -13.6208 0.5625 0.0625 -0.0769 -0.9796 0.1857
8.1908 74.1181 -12.2584 0.5938 0.0625 -0.1117 -0.9796 0.1671
16.0668 69.8177 -24.0456 0.5938 0.125 -0.2155 -0.9217 0.3225
20.4492 69.8177 -20.4491 0.625 0.125 -0.2743 -0.9217 0.2743
20.4492 69.8177 -20.4491 0.625 0.125 -0.2743 -0.9217 0.2743
10.4249 74.1181 -10.4249 0.625 0.0625 -0.1421 -0.9796 0.1421
8.1908 74.1181 -12.2584 0.5938 0.0625 -0.1117 -0.9796 0.1671
10.4249 74.1181 -10.4249 0.625 0.0625 -0.1421 -0.9796 0.1421
20.4492 69.8177 -20.4491 0.625 0.125 -0.2743 -0.9217 0.2743
24.0457 69.8177 -16.0668 0.6563 0.125 -0.3225 -0.9217 0.2155
24.0457 69.8177 -16.0668 0.6563 0.125 -0.3225 -0.9217 0.2155
12.2584 74.1181 -8.1908 0.6563 0.0625 -0.1671 -0.9796 0.1117
10.4249 74.1181 -10.4249 0.625 0.0625 -0.1421 -0.9796 0.1421
12.2584 74.1181 -8.1908 0.6563 0.0625 -0.1671 -0.9796 0.1117
24.0457 69.8177 -16.0668 0.6563 0.125 -0.3225 -0.9217 0.2155
26.7181 69.8177 -11.067 0.6875 0.125 -0.3584 -0.9217 0.1484
26.7181 69.8177 -11.067 0.6875 0.125 -0.3584 -0.9217 0.1484
13.6208 74.1181 -5.6419 0.6875 0.0625 -0.1857 -0.9796 0.0769
12.2584 74.1181 -8.1908 0.6563 0.0625 -0.1671 -0.9796 0.1117
13.6208 74.1181 -5.6419 0.6875 0.0625 -0.1857 -0.9796 0.0769
26.7181 69.8177 -11.067 0.6875 0.125 -0.3584 -0.9217 0.1484
28.3638 69.8177 -5.6419 0.7188 0.125 -0.3804 -0.9217 0.0757
28.3638 69.8177 -5.6419 0.7188 0.125 -0.3804 -0.9217 0.0757
14.4597 74.1181 -2.8762 0.7188 0.0625 -0.1971 -0.9796 0.0392
13.6208 74.1181 -5.6419 0.6875 0.0625 -0.1857 -0.9796 0.0769
14.4597 74.1181 -2.8762 0.7188 0.0625 -0.1971 -0.9796 0.0392
28.3638 69.8177 -5.6419 0.7188 0.125 -0.3804 -0.9217 0.0757
28.9195 69.8177 0 0.75 0.125 -0.3879 -0.9217 -0
28.9195 69.8177 0 0.75 0.125 -0.3879 -0.9217 -0
14.743 74.1181 0 0.75 0.0625 -0.201 -0.9796 -0
14.4597 74.1181 -2.8762 0.7188 0.0625 -0.1971 -0.9796 0.0392
14.743 74.1181 0 0.75 0.0625 -0.201 -0.9796 -0
28.9195 69.8177 0 0.75 0.125 -0.3879 -0.9217 -0
28.3638 69.8177 5.642 0.7813 0.125 -0.3804 -0.9217 -0.0757
28.3638 69.8177 5.642 0.7813 0.125 -0.3804 -0.9217 -0.0757
14.4597 74.1181 2.8762 0.7813 0.0625 -0.1971 -0.9796 -0.0392
14.743 74.1181 0 0.75 0.0625 -0.201 -0.9796 -0
14.4597 74.1181 2.8762 0.7813 0.0625 -0.1971 -0.9796 -0.0392
28.3638 69.8177 5.642 0.7813 0.125 -0.3804 -0.9217 -0.0757
26.7181 69.8177 11.067 0.8125 0.125 -0.3584 -0.9217 -0.1484
26.7181 69.8177 11.067 0.8125 0.125 -0.3584 -0.9217 -0.1484
13.6208 74.1181 5.6419 0.8125 0.0625 -0.1857 -0.9796 -0.0769
14.4597 74.1181 2.8762 0.7813 0.0625 -0.1971 -0.9796 -0.0392
13.6208 74.1181 5.6419 0.8125 0.0625 -0.1857 -0.9796 -0.0769
26.7181 69.8177 11.067 0.8125 0.125 -0.3584 -0.9217 -0.1484
24.0456 69.8177 16.0668 0.8438 0.125 -0.3225 -0.9217 -0.2155
24.0456 69.8177 16.0668 0.8438 0.125 -0.3225 -0.9217 -0.2155
12.2583 74.1181 8.1908 0.8438 0.0625 -0.1671 -0.9796 -0.1117
13.6208 74.1181 5.6419 0.8125 0.0625 -0.1857 -0.9796 -0.0769
12.2583 74.1181 8.1908 0.8438 0.0625 -0.1671 -0.9796 -0.1117
24.0456 69.8177 16.0668 0.8438 0.125 -0.3225 -0.9217 -0.2155
20.4491 69.8177 20.4492 0.875 0.125 -0.2743 -0.9217 -0.2743
20.4491 69.8177 20.4492 0.875 0.125 -0.2743 -0.9217 -0.2743
10.4249 74.1181 10.4249 0.875 0.0625 -0.1421 -0.9796 -0.1421
12.2583 74.1181 8.1908 0.8438 0.0625 -0.1671 -0.9796 -0.1117
10.4249 74.1181 10.4249 0.875 0.0625 -0.1421 -0.9796 -0.1421
20.4491 69.8177 20.4492 0.875 0.125 -0.2743 -0.9217 -0.2743
16.0667 69.8177 24.0457 0.9063 0.125 -0.2155 -0.9217 -0.3225
16.0667 69.8177 24.0457 0.9063 0.125 -0.2155 -0.9217 -0.3225
8.1908 74.1181 12.2584 0.9063 0.0625 -0.1117 -0.9796 -0.1671
10.4249 74.1181 10.4249 0.875 0.0625 -0.1421 -0.9796 -0.1421
8.1908 74.1181 12.2584 0.9063 0.0625 -0.1117 -0.9796 -0.1671
16.0667 69.8177 24.0457 0.9063 0.125 -0.2155 -0.9217 -0.3225
11.0669 69.8177 26.7181 0.9375 0.125 -0.1484 -0.9217 -0.3584
11.0669 69.8177 26.7181 0.9375 0.125 -0.1484 -0.9217 -0.3584
5.6419 74.1181 13.6208 0.9375 0.0625 -0.0769 -0.9796 -0.1857
8.1908 74.1181 12.2584 0.9063 0.0625 -0.1117 -0.9796 -0.1671
5.6419 74.1181 13.6208 0.9375 0.0625 -0.0769 -0.9796 -0.1857
11.0669 69.8177 26.7181 0.9375 0.125 -0.1484 -0.9217 -0.3584
5.6418 69.8177 28.3638 0.9688 0.125 -0.0757 -0.9217 -0.3804
5.6418 69.8177 28.3638 0.9688 0.125 -0.0757 -0.9217 -0.3804
2.8762 74.1181 14.4597 0.9688 0.0625 -0.0392 -0.9796 -0.1971
5.6419 74.1181 13.6208 0.9375 0.0625 -0.0769 -0.9796 -0.1857
2.8762 74.1181 14.4597 0.9688 0.0625 -0.0392 -0.9796 -0.1971
5.6418 69.8177 28.3638 0.9688 0.125 -0.0757 -0.9217 -0.3804
-0 69.8177 28.9195 1 0.125 0 -0.9217 -0.3879
-0 69.8177 28.9195 1 0.125 0 -0.9217 -0.3879
-0 74.1181 14.743 1 0.0625 0 -0.9796 -0.201
2.8762 74.1181 14.4597 0.9688 0.0625 -0.0392 -0.9796 -0.1971
-0 69.8177 28.9195 0 0.125 0 -0.9217 -0.3879
-0 62.8343 41.9845 0 0.1875 0 -0.8286 -0.5598
-8.1908 62.8343 41.1778 0.0313 0.1875 0.1092 -0.8286 -0.549
-8.1908 62.8343 41.1778 0.0313 0.1875 0.1092 -0.8286 -0.549
-5.6419 69.8177 28.3638 0.0313 0.125 0.0757 -0.9217 -0.3804
-0 69.8177 28.9195 0 0.125 0 -0.9217 -0.3879
-5.6419 69.8177 28.3638 0.0313 0.125 0.0757 -0.9217 -0.3804
-8.1908 62.8343 41.1778 0.0313 0.1875 0.1092 -0.8286 -0.549
-16.0668 62.8343 38.7887 0.0625 0.1875 0.2142 -0.8286 -0.5172
-16.0668 62.8343 38.7887 0.0625 0.1875 0.2142 -0.8286 -0.5172
-11.067 69.8177 26.7181 0.0625 0.125 0.1484 -0.9217 -0.3584
-5.6419 69.8177 28.3638 0.0313 0.125 0.0757 -0.9217 -0.3804
-11.067 69.8177 26.7181 0.0625 0.125 0.1484 -0.9217 -0.3584
-16.0668 62.8343 38.7887 0.0625 0.1875 0.2142 -0.8286 -0.5172
-23.3254 62.8343 34.9089 0.0938 0.1875 0.311 -0.8286 -0.4654
-23.3254 62.8343 34.9089 0.0938 0.1875 0.311 -0.8286 -0.4654
-16.0668 69.8177 24.0457 0.0938 0.125 0.2155 -0.9217 -0.3225
-11.067 69.8177 26.7181 0.0625 0.125 0.1484 -0.9217 -0.3584
-16.0668 69.8177 24.0457 0.0938 0.125 0.2155 -0.9217 -0.3225
-23.3254 62.8343 34.9089 0.0938 0.1875 0.311 -0.8286 -0.4654
-29.6876 62.8343 29.6876 0.125 0.1875 0.3958 -0.8286 -0.3958
-29.6876 62.8343 29.6876 0.125 0.1875 0.3958 -0.8286 -0.3958
-20.4491 69.8177 20.4491 0.125 0.125 0.2743 -0.9217 -0.2743
-16.0668 69.8177 24.0457 0.0938 0.125 0.2155 -0.9217 -0.3225
-20.4491 69.8177 20.4491 0.125 0.125 0.2743 -0.9217 -0.2743
-29.6876 62.8343 29.6876 0.125 0.1875 0.3958 -0.8286 -0.3958
-34.9089 62.8343 23.3254 0.1563 0.1875 0.4654 -0.8286 -0.311
-34.9089 62.8343 23.3254 0.1563 0.1875 0.4654 -0.8286 -0.311
-24.0457 69.8177 16.0668 0.1563 0.125 0.3225 -0.9217 -0.2155
-20.4491 69.8177 20.4491 0.125 0.125 0.2743 -0.9217 -0.2743
-24.0457 69.8177 16.0668 0.1563 0.125 0.3225 -0.9217 -0.2155
-34.9089 62.8343 23.3254 0.1563 0.1875 0.4654 -0.8286 -0.311
-38.7887 62.8343 16.0668 0.1875 0.1875 0.5172 -0.8286 -0.2142
-38.7887 62.8343 16.0668 0.1875 0.1875 0.5172 -0.8286 -0.2142
-26.7181 69.8177 11.067 0.1875 0.125 0.3584 -0.9217 -0.1484
-24.0457 69.8177 16.0668 0.1563 0.125 0.3225 -0.9217 -0.2155
-26.7181 69.8177 11.067 0.1875 0.125 0.3584 -0.9217 -0.1484
-38.7887 62.8343 16.0668 0.1875 0.1875 0.5172 -0.8286 -0.2142
-41.1778 62.8343 8.1908 0.2187 0.1875 0.549 -0.8286 -0.1092
-41.1778 62.8343 8.1908 0.2187 0.1875 0.549 -0.8286 -0.1092
-28.3638 69.8177 5.6419 0.2187 0.125 0.3804 -0.9217 -0.0757
-26.7181 69.8177 11.067 0.1875 0.125 0.3584 -0.9217 -0.1484
-28.3638 69.8177 5.6419 0.2187 0.125 0.3804 -0.9217 -0.0757
-41.1778 62.8343 8.1908 0.2187 0.1875 0.549 -0.8286 -0.1092
-41.9845 62.8343 -0 0.25 0.1875 0.5598 -0.8286 0
-41.9845 62.8343 -0 0.25 0.1875 0.5598 -0.8286 0
-28.9195 69.8177 -0 0.25 0.125 0.3879 -0.9217 0
-28.3638 69.8177 5.6419 0.2187 0.125 0.3804 -0.9217 -0.0757
-28.9195 69.8177 -0 0.25 0.125 0.3879 -0.9217 0
-41.9845 62.8343 -0 0.25 0.1875 0.5598 -0.8286 0
-41.1778 62.8343 -8.1908 0.2812 0.1875 0.549 -0.8286 0.1092
-41.1778 62.8343 -8.1908 0.2812 0.1875 0.549 -0.8286 0.1092
-28.3638 69.8177 -5.6419 0.2812 0.125 0.3804 -0.9217 0.0757
-28.9195 69.8177 -0 0.25 0.125 0.3879 -0.9217 0
-28.3638 69.8177 -5.6419 0.2812 0.125 0.3804 -0.9217 0.0757
-41.1778 62.8343 -8.1908 0.2812 0.1875 0.549 -0.8286 0.1092
-38.7886 62.8343 -16.0668 0.3125 0.1875 0.5172 -0.8286 0.2142
-38.7886 62.8343 -16.0668 0.3125 0.1875 0.5172 -0.8286 0.2142
-26.7181 69.8177 -11.067 0.3125 0.125 0.3584 -0.9217 0.1484
-28.3638 69.8177 -5.6419 0.2812 0.125 0.3804 -0.9217 0.0757
-26.7181 69.8177 -11.067 0.3125 0.125 0.3584 -0.9217 0.1484
-38.7886 62.8343 -16.0668 0.3125 0.1875 0.5172 -0.8286 0.2142
-34.9089 62.8343 -23.3254 0.3437 0.1875 0.4654 -0.8286 0.311
-34.9089 62.8343 -23.3254 0.3437 0.1875 0.4654 -0.8286 0.311
-24.0456 69.8177 -16.0668 0.3437 0.125 0.3225 -0.9217 0.2155
-26.7181 69.8177 -11.067 0.3125 0.125 0.3584 -0.9217 0.1484
-24.0456 69.8177 -16.0668 0.3437 0.125 0.3225 -0.9217 0.2155
-34.9089 62.8343 -23.3254 0.3437 0.1875 0.4654 -0.8286 0.311
-29.6875 62.8343 -29.6876 0.375 0.1875 0.3958 -0.8286 0.3958
-29.6875 62.8343 -29.6876 0.375 0.1875 0.3958 -0.8286 0.3958
-20.4491 69.8177 -20.4492 0.375 0.125 0.2743 -0.9217 0.2743
-24.0456 69.8177 -16.0668 0.3437 0.125 0.3225 -0.9217 0.2155
-20.4491 69.8177 -20.4492 0.375 0.125 0.2743 -0.9217 0.2743
-29.6875 62.8343 -29.6876 0.375 0.1875 0.3958 -0.8286 0.3958
-23.3253 62.8343 -34.9089 0.4063 0.1875 0.311 -0.8286 0.4654
-23.3253 62.8343 -34.9089 0.4063 0.1875 0.311 -0.8286 0.4654
-16.0668 69.8177 -24.0457 0.4063 0.125 0.2155 -0.9217 0.3225
-20.4491 69.8177 -20.4492 0.375 0.125 0.2743 -0.9217 0.2743
-16.0668 69.8177 -24.0457 0.4063 0.125 0.2155 -0.9217 0.3225
-23.3253 62.8343 -34.9089 0.4063 0.1875 0.311 -0.8286 0.4654
-16.0668 62.8343 -38.7887 0.4375 0.1875 0.2142 -0.8286 0.5172
-16.0668 62.8343 -38.7887 0.4375 0.1875 0.2142 -0.8286 0.5172
-11.067 69.8177 -26.7181 0.4375 0.125 0.1484 -0.9217 0.3584
-16.0668 69.8177 -24.0457 0.4063 0.125 0.2155 -0.9217 0.3225
-11.067 69.8177 -26.7181 0.4375 0.125 0.1484 -0.9217 0.3584
-16.0668 62.8343 -38.7887 0.4375 0.1875 0.2142 -0.8286 0.5172
-8.1907 62.8343 -41.1778 0.4688 0.1875 0.1092 -0.8286 0.549
-8.1907 62.8343 -41.1778 0.4688 0.1875 0.1092 -0.8286 0.549
-5.6419 69.8177 -28.3638 0.4688 0.125 0.0757 -0.9217 0.3804
-11.067 69.8177 -26.7181 0.4375 0.125 0.1484 -0.9217 0.3584
-5.6419 69.8177 -28.3638 0.4688 0.125 0.0757 -0.9217 0.3804
-8.1907 62.8343 -41.1778 0.4688 0.1875 0.1092 -0.8286 0.549
0 62.8343 -41.9845 0.5 0.1875 -0 -0.8286 0.5598
0 62.8343 -41.9845 0.5 0.1875 -0 -0.8286 0.5598
0 69.8177 -28.9195 0.5 0.125 -0 -0.9217 0.3879
-5.6419 69.8177 -28.3638 0.4688 0.125 0.0757 -0.9217 0.3804
0 69.8177 -28.9195 0.5 0.125 -0 -0.9217 0.3879
0 62.8343 -41.9845 0.5 0.1875 -0 -0.8286 0.5598
8.1908 62.8343 -41.1778 0.5313 0.1875 -0.1092 -0.8286 0.549
8.1908 62.8343 -41.1778 0.5313 0.1875 -0.1092 -0.8286 0.549
5.6419 69.8177 -28.3638 0.5313 0.125 -0.0757 -0.9217 0.3804
0 69.8177 -28.9195 0.5 0.125 -0 -0.9217 0.3879
5.6419 69.8177 -28.3638 0.5313 0.125 -0.0757 -0.9217 0.3804
8.1908 62.8343 -41.1778 0.5313 0.1875 -0.1092 -0.8286 0.549
16.0668 62.8343 -38.7886 0.5625 0.1875 -0.2142 -0.8286 0.5172
16.0668 62.8343 -38.7886 0.5625 0.1875 -0.2142 -0.8286 0.5172
11.067 69.8177 -26.7181 0.5625 0.125 -0.1484 -0.9217 0.3584
5.6419 69.8177 -28.3638 0.5313 0.125 -0.0757 -0.9217 0.3804
11.067 69.8177 -26.7181 0.5625 0.125 -0.1484 -0.9217 0.3584
16.0668 62.8343 -38.7886 0.5625 0.1875 -0.2142 -0.8286 0.5172
23.3254 62.8343 -34.9088 0.5938 0.1875 -0.311 -0.8286 0.4654
23.3254 62.8343 -34.9088 0.5938 0.1875 -0.311 -0.8286 0.4654
16.0668 69.8177 -24.0456 0.5938 0.125 -0.2155 -0.9217 0.3225
11.067 69.8177 -26.7181 0.5625 0.125 -0.1484 -0.9217 0.3584
16.0668 69.8177 -24.0456 0.5938 0.125 -0.2155 -0.9217 0.3225
23.3254 62.8343 -34.9088 0.5938 0.1875 -0.311 -0.8286 0.4654
29.6876 62.8343 -29.6875 0.625 0.1875 -0.3958 -0.8286 0.3958
29.6876 62.8343 -29.6875 0.625 0.1875 -0.3958 -0.8286 0.3958
20.4492 69.8177 -20.4491 0.625 0.125 -0.2743 -0.9217 0.2743
16.0668 69.8177 -24.0456 0.5938 0.125 -0.2155 -0.9217 0.3225
20.4492 69.8177 -20.4491 0.625 0.125 -0.2743 -0.9217 0.2743
29.6876 62.8343 -29.6875 0.625 0.1875 -0.3958 -0.8286 0.3958
34.9089 62.8343 -23.3253 0.6563 0.1875 -0.4654 -0.8286 0.311
34.9089 62.8343 -23.3253 0.6563 0.1875 -0.4654 -0.8286 0.311
24.0457 69.8177 -16.0668 0.6563 0.125 -0.3225 -0.9217 0.2155
20.4492 69.8177 -20.4491 0.625 0.125 -0.2743 -0.9217 0.2743
24.0457 69.8177 -16.0668 0.6563 0.125 -0.3225 -0.9217 0.2155
34.9089 62.8343 -23.3253 0.6563 0.1875 -0.4654 -0.8286 0.311
38.7887 62.8343 -16.0667 0.6875 0.1875 -0.5172 -0.8286 0.2142
38.7887 62.8343 -16.0667 0.6875 0.1875 -0.5172 -0.8286 0.2142
26.7181 69.8177 -11.067 0.6875 0.125 -0.3584 -0.9217 0.1484
24.0457 69.8177 -16.0668 0.6563 0.125 -0.3225 -0.9217 0.2155
26.7181 69.8177 -11.067 0.6875 0.125 -0.3584 -0.9217 0.1484
38.7887 62.8343 -16.0667 0.6875 0.1875 -0.5172 -0.8286 0.2142
41.1778 62.8343 -8.1907 0.7188 0.1875 -0.549 -0.8286 0.1092
41.1778 62.8343 -8.1907 0.7188 0.1875 -0.549 -0.8286 0.1092
28.3638 69.8177 -5.6419 0.7188 0.125 -0.3804 -0.9217 0.0757
26.7181 69.8177 -11.067 0.6875 0.125 -0.3584 -0.9217 0.1484
28.3638 69.8177 -5.6419 0.7188 0.125 -0.3804 -0.9217 0.0757
41.1778 62.8343 -8.1907 0.7188 0.1875 -0.549 -0.8286 0.1092
41.9845 62.8343 0.0001 0.75 0.1875 -0.5598 -0.8286 -0
41.9845 62.8343 0.0001 0.75 0.1875 -0.5598 -0.8286 -0
28.9195 69.8177 0 0.75 0.125 -0.3879 -0.9217 -0
28.3638 69.8177 -5.6419 0.7188 0.125 -0.3804 -0.9217 0.0757
28.9195 69.8177 0 0.75 0.125 -0.3879 -0.9217 -0
41.9845 62.8343 0.0001 0.75 0.1875 -0.5598 -0.8286 -0
41.1778 62.8343 8.1908 0.7813 0.1875 -0.549 -0.8286 -0.1092
41.1778 62.8343 8.1908 0.7813 0.1875 -0.549 -0.8286 -0.1092
28.3638 69.8177 5.642 0.7813 0.125 -0.3804 -0.9217 -0.0757
28.9195 69.8177 0 0.75 0.125 -0.3879 -0.9217 -0
28.3638 69.8177 5.642 0.7813 0.125 -0.3804 -0.9217 -0.0757
41.1778 62.8343 8.1908 0.7813 0.1875 -0.549 -0.8286 -0.1092
38.7886 62.8343 16.0669 0.8125 0.1875 -0.5172 -0.8286 -0.2142
38.7886 62.8343 16.0669 0.8125 0.1875 -0.5172 -0.8286 -0.2142
26.7181 69.8177 11.067 0.8125 0.125 -0.3584 -0.9217 -0.1484
28.3638 69.8177 5.642 0.7813 0.125 -0.3804 -0.9217 -0.0757
26.7181 69.8177 11.067 0.8125 0.125 -0.3584 -0.9217 -0.1484
38.7886 62.8343 16.0669 0.8125 0.1875 -0.5172 -0.8286 -0.2142
34.9088 62.8343 23.3254 0.8438 0.1875 -0.4654 -0.8286 -0.311
34.9088 62.8343 23.3254 0.8438 0.1875 -0.4654 -0.8286 -0.311
24.0456 69.8177 16.0668 0.8438 0.125 -0.3225 -0.9217 -0.2155
26.7181 69.8177 11.067 0.8125 0.125 -0.3584 -0.9217 -0.1484
24.0456 69.8177 16.0668 0.8438 0.125 -0.3225 -0.9217 -0.2155
34.9088 62.8343 23.3254 0.8438 0.1875 -0.4654 -0.8286 -0.311
29.6875 62.8343 29.6876 0.875 0.1875 -0.3958 -0.8286 -0.3958
29.6875 62.8343 29.6876 0.875 0.1875 -0.3958 -0.8286 -0.3958
20.4491 69.8177 20.4492 0.875 0.125 -0.2743 -0.9217 -0.2743
24.0456 69.8177 16.0668 0.8438 0.125 -0.3225 -0.9217 -0.2155
20.4491 69.8177 20.4492 0.875 0.125 -0.2743 -0.9217 -0.2743
29.6875 62.8343 29.6876 0.875 0.1875 -0.3958 -0.8286 -0.3958
23.3253 62.8343 34.9089 0.9063 0.1875 -0.311 -0.8286 -0.4654
23.3253 62.8343 34.9089 0.9063 0.1875 -0.311 -0.8286 -0.4654
16.0667 69.8177 24.0457 0.9063 0.125 -0.2155 -0.9217 -0.3225
20.4491 69.8177 20.4492 0.875 0.125 -0.2743 -0.9217 -0.2743
16.0667 69.8177 24.0457 0.9063 0.125 -0.2155 -0.9217 -0.3225
23.3253 62.8343 34.9089 0.9063 0.1875 -0.311 -0.8286 -0.4654
16.0667 62.8343 38.7887 0.9375 0.1875 -0.2142 -0.8286 -0.5172
16.0667 62.8343 38.7887 0.9375 0.1875 -0.2142 -0.8286 -0.5172
11.0669 69.8177 26.7181 0.9375 0.125 -0.1484 -0.9217 -0.3584
16.0667 69.8177 24.0457 0.9063 0.125 -0.2155 -0.9217 -0.3225
11.0669 69.8177 26.7181 0.9375 0.125 -0.1484 -0.9217 -0.3584
16.0667 62.8343 38.7887 0.9375 0.1875 -0.2142 -0.8286 -0.5172
8.1907 62.8343 41.1778 0.9688 0.1875 -0.1092 -0.8286 -0.549
8.1907 62.8343 41.1778 0.9688 0.1875 -0.1092 -0.8286 -0.549
5.6418 69.8177 28.3638 0.9688 0.125 -0.0757 -0.9217 -0.3804
11.0669 69.8177 26.7181 0.9375 0.125 -0.1484 -0.9217 -0.3584
5.6418 69.8177 28.3638 0.9688 0.125 -0.0757 -0.9217 -0.3804
8.1907 62.8343 41.1778 0.9688 0.1875 -0.1092 -0.8286 -0.549
-0 62.8343 41.9845 1 0.1875 0 -0.8286 -0.5598
-0 62.8343 41.9845 1 0.1875 0 -0.8286 -0.5598
-0 69.8177 28.9195 1 0.125 0 -0.9217 -0.3879
5.6418 69.8177 28.3638 0.9688 0.125 -0.0757 -0.9217 -0.3804
-0 62.8343 41.9845 0 0.1875 0 -0.8286 -0.5598
-0 53.4362 53.4362 0 0.25 0 -0.7041 -0.7101
-10.4249 53.4362 52.4094 0.0313 0.25 0.1385 -0.7041 -0.6965
-10.4249 53.4362 52.4094 0.0313 0.25 0.1385 -0.7041 -0.6965
-8.1908 62.8343 41.1778 0.0313 0.1875 0.1092 -0.8286 -0.549
-0 62.8343 41.9845 0 0.1875 0 -0.8286 -0.5598
-8.1908 62.8343 41.1778 0.0313 0.1875 0.1092 -0.8286 -0.549
-10.4249 53.4362 52.4094 0.0313 0.25 0.1385 -0.7041 -0.6965
-20.4491 53.4362 49.3686 0.0625 0.25 0.2718 -0.7041 -0.6561
-20.4491 53.4362 49.3686 0.0625 0.25 0.2718 -0.7041 -0.6561
-16.0668 62.8343 38.7887 0.0625 0.1875 0.2142 -0.8286 -0.5172
-8.1908 62.8343 41.1778 0.0313 0.1875 0.1092 -0.8286 -0.549
-16.0668 62.8343 38.7887 0.0625 0.1875 0.2142 -0.8286 -0.5172
-20.4491 53.4362 49.3686 0.0625 0.25 0.2718 -0.7041 -0.6561
-29.6876 53.4362 44.4306 0.0938 0.25 0.3945 -0.7041 -0.5905
-29.6876 53.4362 44.4306 0.0938 0.25 0.3945 -0.7041 -0.5905
-23.3254 62.8343 34.9089 0.0938 0.1875 0.311 -0.8286 -0.4654
-16.0668 62.8343 38.7887 0.0625 0.1875 0.2142 -0.8286 -0.5172
-23.3254 62.8343 34.9089 0.0938 0.1875 0.311 -0.8286 -0.4654
-29.6876 53.4362 44.4306 0.0938 0.25 0.3945 -0.7041 -0.5905
-37.7851 53.4362 37.7851 0.125 0.25 0.5021 -0.7041 -0.5021
-37.7851 53.4362 37.7851 0.125 0.25 0.5021 -0.7041 -0.5021
-29.6876 62.8343 29.6876 0.125 0.1875 0.3958 -0.8286 -0.3958
-23.3254 62.8343 34.9089 0.0938 0.1875 0.311 -0.8286 -0.4654
-29.6876 62.8343 29.6876 0.125 0.1875 0.3958 -0.8286 -0.3958
-37.7851 53.4362 37.7851 0.125 0.25 0.5021 -0.7041 -0.5021
-44.4306 53.4362 29.6876 0.1563 0.25 0.5905 -0.7041 -0.3945
-44.4306 53.4362 29.6876 0.1563 0.25 0.5905 -0.7041 -0.3945
-34.9089 62.8343 23.3254 0.1563 0.1875 0.4654 -0.8286 -0.311
-29.6876 62.8343 29.6876 0.125 0.1875 0.3958 -0.8286 -0.3958
-34.9089 62.8343 23.3254 0.1563 0.1875 0.4654 -0.8286 -0.311
-44.4306 53.4362 29.6876 0.1563 0.25 0.5905 -0.7041 -0.3945
-49.3686 53.4362 20.4491 0.1875 0.25 0.6561 -0.7041 -0.2718
-49.3686 53.4362 20.4491 0.1875 0.25 0.6561 -0.7041 -0.2718
-38.7887 62.8343 16.0668 0.1875 0.1875 0.5172 -0.8286 -0.2142
-34.9089 62.8343 23.3254 0.1563 0.1875 0.4654 -0.8286 -0.311
-38.7887 62.8343 16.0668 0.1875 0.1875 0.5172 -0.8286 -0.2142
-49.3686 53.4362 20.4491 0.1875 0.25 0.6561 -0.7041 -0.2718
-52.4094 53.4362 10.4249 0.2187 0.25 0.6965 -0.7041 -0.1385
-52.4094 53.4362 10.4249 0.2187 0.25 0.6965 -0.7041 -0.1385
-41.1778 62.8343 8.1908 0.2187 0.1875 0.549 -0.8286 -0.1092
-38.7887 62.8343 16.0668 0.1875 0.1875 0.5172 -0.8286 -0.2142
-41.1778 62.8343 8.1908 0.2187 0.1875 0.549 -0.8286 -0.1092
-52.4094 53.4362 10.4249 0.2187 0.25 0.6965 -0.7041 -0.1385
-53.4362 53.4362 -0 0.25 0.25 0.7101 -0.7041 0
-53.4362 53.4362 -0 0.25 0.25 0.7101 -0.7041 0
-41.9845 62.8343 -0 0.25 0.1875 0.5598 -0.8286 0
-41.1778 62.8343 8.1908 0.2187 0.1875 0.549 -0.8286 -0.1092
-41.9845 62.8343 -0 0.25 0.1875 0.5598 -0.8286 0
-53.4362 53.4362 -0 0.25 0.25 0.7101 -0.7041 0
-52.4094 53.4362 -10.4249 0.2812 0.25 0.6965 -0.7041 0.1385
-52.4094 53.4362 -10.4249 0.2812 0.25 0.6965 -0.7041 0.1385
-41.1778 62.8343 -8.1908 0.2812 0.1875 0.549 -0.8286 0.1092
-41.9845 62.8343 -0 0.25 0.1875 0.5598 -0.8286 0
-41.1778 62.8343 -8.1908 0.2812 0.1875 0.549 -0.8286 0.1092
-52.4094 53.4362 -10.4249 0.2812 0.25 0.6965 -0.7041 0.1385
-49.3686 53.4362 -20.4492 0.3125 0.25 0.6561 -0.7041 0.2718
-49.3686 53.4362 -20.4492 0.3125 0.25 0.6561 -0.7041 0.2718
-38.7886 62.8343 -16.0668 0.3125 0.1875 0.5172 -0.8286 0.2142
-41.1778 62.8343 -8.1908 0.2812 0.1875 0.549 -0.8286 0.1092
-38.7886 62.8343 -16.0668 0.3125 0.1875 0.5172 -0.8286 0.2142
-49.3686 53.4362 -20.4492 0.3125 0.25 0.6561 -0.7041 0.2718
-44.4305 53.4362 -29.6876 0.3437 0.25 0.5905 -0.7041 0.3945
-44.4305 53.4362 -29.6876 0.3437 0.25 0.5905 -0.7041 0.3945
-34.9089 62.8343 -23.3254 0.3437 0.1875 0.4654 -0.8286 0.311
-38.7886 62.8343 -16.0668 0.3125 0.1875 0.5172 -0.8286 0.2142
-34.9089 62.8343 -23.3254 0.3437 0.1875 0.4654 -0.8286 0.311
-44.4305 53.4362 -29.6876 0.3437 0.25 0.5905 -0.7041 0.3945
-37.7851 53.4362 -37.7851 0.375 0.25 0.5021 -0.7041 0.5021
-37.7851 53.4362 -37.7851 0.375 0.25 0.5021 -0.7041 0.5021
-29.6875 62.8343 -29.6876 0.375 0.1875 0.3958 -0.8286 0.3958
-34.9089 62.8343 -23.3254 0.3437 0.1875 0.4654 -0.8286 0.311
-29.6875 62.8343 -29.6876 0.375 0.1875 0.3958 -0.8286 0.3958
-37.7851 53.4362 -37.7851 0.375 0.25 0.5021 -0.7041 0.5021
-29.6875 53.4362 -44.4306 0.4063 0.25 0.3945 -0.7041 0.5905
-29.6875 53.4362 -44.4306 0.4063 0.25 0.3945 -0.7041 0.5905
-23.3253 62.8343 -34.9089 0.4063 0.1875 0.311 -0.8286 0.4654
-29.6875 62.8343 -29.6876 0.375 0.1875 0.3958 -0.8286 0.3958
-23.3253 62.8343 -34.9089 0.4063 0.1875 0.311 -0.8286 0.4654
-29.6875 53.4362 -44.4306 0.4063 0.25 0.3945 -0.7041 0.5905
-20.4491 53.4362 -49.3686 0.4375 0.25 0.2718 -0.7041 0.6561
-20.4491 53.4362 -49.3686 0.4375 0.25 0.2718 -0.7041 0.6561
-16.0668 62.8343 -38.7887 0.4375 0.1875 0.2142 -0.8286 0.5172
-23.3253 62.8343 -34.9089 0.4063 0.1875 0.311 -0.8286 0.4654
-16.0668 62.8343 -38.7887 0.4375 0.1875 0.2142 -0.8286 0.5172
-20.4491 53.4362 -49.3686 0.4375 0.25 0.2718 -0.7041 0.6561
-10.4248 53.4362 -52.4094 0.4688 0.25 0.1385 -0.7041 0.6965
-10.4248 53.4362 -52.4094 0.4688 0.25 0.1385 -0.7041 0.6965
-8.1907 62.8343 -41.1778 0.4688 0.1875 0.1092 -0.8286 0.549
-16.0668 62.8343 -38.7887 0.4375 0.1875 0.2142 -0.8286 0.5172
-8.1907 62.8343 -41.1778 0.4688 0.1875 0.1092 -0.8286 0.549
-10.4248 53.4362 -52.4094 0.4688 0.25 0.1385 -0.7041 0.6965
0.0001 53.4362 -53.4362 0.5 0.25 -0 -0.7041 0.7101
0.0001 53.4362 -53.4362 0.5 0.25 -0 -0.7041 0.7101
0 62.8343 -41.9845 0.5 0.1875 -0 -0.8286 0.5598
-8.1907 62.8343 -41.1778 0.4688 0.1875 0.1092 -0.8286 0.549
0 62.8343 -41.9845 0.5 0.1875 -0 -0.8286 0.5598
0.0001 53.4362 -53.4362 0.5 0.25 -0 -0.7041 0.7101
10.4249 53.4362 -52.4094 0.5313 0.25 -0.1385 -0.7041 0.6965
10.4249 53.4362 -52.4094 0.5313 0.25 -0.1385 -0.7041 0.6965
8.1908 62.8343 -41.1778 0.5313 0.1875 -0.1092 -0.8286 0.549
0 62.8343 -41.9845 0.5 0.1875 -0 -0.8286 0.5598
8.1908 62.8343 -41.1778 0.5313 0.1875 -0.1092 -0.8286 0.549
10.4249 53.4362 -52.4094 0.5313 0.25 -0.1385 -0.7041 0.6965
20.4492 53.4362 -49.3686 0.5625 0.25 -0.2718 -0.7041 0.6561
20.4492 53.4362 -49.3686 0.5625 0.25 -0.2718 -0.7041 0.6561
16.0668 62.8343 -38.7886 0.5625 0.1875 -0.2142 -0.8286 0.5172
8.1908 62.8343 -41.1778 0.5313 0.1875 -0.1092 -0.8286 0.549
16.0668 62.8343 -38.7886 0.5625 0.1875 -0.2142 -0.8286 0.5172
20.4492 53.4362 -49.3686 0.5625 0.25 -0.2718 -0.7041 0.6561
29.6876 53.4362 -44.4305 0.5938 0.25 -0.3945 -0.7041 0.5905
29.6876 53.4362 -44.4305 0.5938 0.25 -0.3945 -0.7041 0.5905
23.3254 62.8343 -34.9088 0.5938 0.1875 -0.311 -0.8286 0.4654
16.0668 62.8343 -38.7886 0.5625 0.1875 -0.2142 -0.8286 0.5172
23.3254 62.8343 -34.9088 0.5938 0.1875 -0.311 -0.8286 0.4654
29.6876 53.4362 -44.4305 0.5938 0.25 -0.3945 -0.7041 0.5905
37.7851 53.4362 -37.785 0.625 0.25 -0.5021 -0.7041 0.5021
37.7851 53.4362 -37.785 0.625 0.25 -0.5021 -0.7041 0.5021
29.6876 62.8343 -29.6875 0.625 0.1875 -0.3958 -0.8286 0.3958
23.3254 62.8343 -34.9088 0.5938 0.1875 -0.311 -0.8286 0.4654
29.6876 62.8343 -29.6875 0.625 0.1875 -0.3958 -0.8286 0.3958
37.7851 53.4362 -37.785 0.625 0.25 -0.5021 -0.7041 0.5021
44.4306 53.4362 -29.6875 0.6563 0.25 -0.5905 -0.7041 0.3945
44.4306 53.4362 -29.6875 0.6563 0.25 -0.5905 -0.7041 0.3945
34.9089 62.8343 -23.3253 0.6563 0.1875 -0.4654 -0.8286 0.311
29.6876 62.8343 -29.6875 0.625 0.1875 -0.3958 -0.8286 0.3958
34.9089 62.8343 -23.3253 0.6563 0.1875 -0.4654 -0.8286 0.311
44.4306 53.4362 -29.6875 0.6563 0.25 -0.5905 -0.7041 0.3945
49.3686 53.4362 -20.4491 0.6875 0.25 -0.6561 -0.7041 0.2718
49.3686 53.4362 -20.4491 0.6875 0.25 -0.6561 -0.7041 0.2718
38.7887 62.8343 -16.0667 0.6875 0.1875 -0.5172 -0.8286 0.2142
34.9089 62.8343 -23.3253 0.6563 0.1875 -0.4654 -0.8286 0.311
38.7887 62.8343 -16.0667 0.6875 0.1875 -0.5172 -0.8286 0.2142
49.3686 53.4362 -20.4491 0.6875 0.25 -0.6561 -0.7041 0.2718
52.4094 53.4362 -10.4248 0.7188 0.25 -0.6965 -0.7041 0.1385
52.4094 53.4362 -10.4248 0.7188 0.25 -0.6965 -0.7041 0.1385
41.1778 62.8343 -8.1907 0.7188 0.1875 -0.549 -0.8286 0.1092
38.7887 62.8343 -16.0667 0.6875 0.1875 -0.5172 -0.8286 0.2142
41.1778 62.8343 -8.1907 0.7188 0.1875 -0.549 -0.8286 0.1092
52.4094 53.4362 -10.4248 0.7188 0.25 -0.6965 -0.7041 0.1385
53.4362 53.4362 0.0001 0.75 0.25 -0.7101 -0.7041 -0
53.4362 53.4362 0.0001 0.75 0.25 -0.7101 -0.7041 -0
41.9845 62.8343 0.0001 0.75 0.1875 -0.5598 -0.8286 -0
41.1778 62.8343 -8.1907 0.7188 0.1875 -0.549 -0.8286 0.1092
41.9845 62.8343 0.0001 0.75 0.1875 -0.5598 -0.8286 -0
53.4362 53.4362 0.0001 0.75 0.25 -0.7101 -0.7041 -0
52.4094 53.4362 10.425 0.7813 0.25 -0.6965 -0.7041 -0.1385
52.4094 53.4362 10.425 0.7813 0.25 -0.6965 -0.7041 -0.1385
41.1778 62.8343 8.1908 0.7813 0.1875 -0.549 -0.8286 -0.1092
41.9845 62.8343 0.0001 0.75 0.1875 -0.5598 -0.8286 -0
41.1778 62.8343 8.1908 0.7813 0.1875 -0.549 -0.8286 -0.1092
52.4094 53.4362 10.425 0.7813 0.25 -0.6965 -0.7041 -0.1385
49.3686 53.4362 20.4492 0.8125 0.25 -0.6561 -0.7041 -0.2718
49.3686 53.4362 20.4492 0.8125 0.25 -0.6561 -0.7041 -0.2718
38.7886 62.8343 16.0669 0.8125 0.1875 -0.5172 -0.8286 -0.2142
41.1778 62.8343 8.1908 0.7813 0.1875 -0.549 -0.8286 -0.1092
38.7886 62.8343 16.0669 0.8125 0.1875 -0.5172 -0.8286 -0.2142
49.3686 53.4362 20.4492 0.8125 0.25 -0.6561 -0.7041 -0.2718
44.4305 53.4362 29.6876 0.8438 0.25 -0.5905 -0.7041 -0.3945
44.4305 53.4362 29.6876 0.8438 0.25 -0.5905 -0.7041 -0.3945
34.9088 62.8343 23.3254 0.8438 0.1875 -0.4654 -0.8286 -0.311
38.7886 62.8343 16.0669 0.8125 0.1875 -0.5172 -0.8286 -0.2142
34.9088 62.8343 23.3254 0.8438 0.1875 -0.4654 -0.8286 -0.311
44.4305 53.4362 29.6876 0.8438 0.25 -0.5905 -0.7041 -0.3945
37.785 53.4362 37.7852 0.875 0.25 -0.5021 -0.7041 -0.5021
37.785 53.4362 37.7852 0.875 0.25 -0.5021 -0.7041 -0.5021
29.6875 62.8343 29.6876 0.875 0.1875 -0.3958 -0.8286 -0.3958
34.9088 62.8343 23.3254 0.8438 0.1875 -0.4654 -0.8286 -0.311
29.6875 62.8343 29.6876 0.875 0.1875 -0.3958 -0.8286 -0.3958
37.785 53.4362 37.7852 0.875 0.25 -0.5021 -0.7041 -0.5021
29.6875 53.4362 44.4306 0.9063 0.25 -0.3945 -0.7041 -0.5905
29.6875 53.4362 44.4306 0.9063 0.25 -0.3945 -0.7041 -0.5905
23.3253 62.8343 34.9089 0.9063 0.1875 -0.311 -0.8286 -0.4654
29.6875 62.8343 29.6876 0.875 0.1875 -0.3958 -0.8286 -0.3958
23.3253 62.8343 34.9089 0.9063 0.1875 -0.311 -0.8286 -0.4654
29.6875 53.4362 44.4306 0.9063 0.25 -0.3945 -0.7041 -0.5905
20.449 53.4362 49.3686 0.9375 0.25 -0.2718 -0.7041 -0.6561
20.449 53.4362 49.3686 0.9375 0.25 -0.2718 -0.7041 -0.6561
16.0667 62.8343 38.7887 0.9375 0.1875 -0.2142 -0.8286 -0.5172
23.3253 62.8343 34.9089 0.9063 0.1875 -0.311 -0.8286 -0.4654
16.0667 62.8343 38.7887 0.9375 0.1875 -0.2142 -0.8286 -0.5172
20.449 53.4362 49.3686 0.9375 0.25 -0.2718 -0.7041 -0.6561
10.4248 53.4362 52.4094 0.9688 0.25 -0.1385 -0.7041 -0.6965
10.4248 53.4362 52.4094 0.9688 0.25 -0.1385 -0.7041 -0.6965
8.1907 62.8343 41.1778 0.9688 0.1875 -0.1092 -0.8286 -0.549
16.0667 62.8343 38.7887 0.9375 0.1875 -0.2142 -0.8286 -0.5172
8.1907 62.8343 41.1778 0.9688 0.1875 -0.1092 -0.8286 -0.549
10.4248 53.4362 52.4094 0.9688 0.25 -0.1385 -0.7041 -0.6965
-0 53.4362 53.4362 1 0.25 0 -0.7041 -0.7101
-0 53.4362 53.4362 1 0.25 0 -0.7041 -0.7101
-0 62.8343 41.9845 1 0.1875 0 -0.8286 -0.5598
8.1907 62.8343 41.1778 0.9688 0.1875 -0.1092 -0.8286 -0.549
-0 53.4362 53.4362 0 0.25 0 -0.7041 -0.7101
-0 41.9845 62.8343 0 0.3125 0 -0.5528 -0.8333
-12.2584 41.9845 61.627 0.0313 0.3125 0.1626 -0.5528 -0.8173
-12.2584 41.9845 61.627 0.0313 0.3125 0.1626 -0.5528 -0.8173
-10.4249 53.4362 52.4094 0.0313 0.25 0.1385 -0.7041 -0.6965
-0 53.4362 53.4362 0 0.25 0 -0.7041 -0.7101
-10.4249 53.4362 52.4094 0.0313 0.25 0.1385 -0.7041 -0.6965
-12.2584 41.9845 61.627 0.0313 0.3125 0.1626 -0.5528 -0.8173
-24.0456 41.9845 58.0513 0.0625 0.3125 0.3189 -0.5528 -0.7699
-24.0456 41.9845 58.0513 0.0625 0.3125 0.3189 -0.5528 -0.7699
-20.4491 53.4362 49.3686 0.0625 0.25 0.2718 -0.7041 -0.6561
-10.4249 53.4362 52.4094 0.0313 0.25 0.1385 -0.7041 -0.6965
-20.4491 53.4362 49.3686 0.0625 0.25 0.2718 -0.7041 -0.6561
-24.0456 41.9845 58.0513 0.0625 0.3125 0.3189 -0.5528 -0.7699
-34.9089 41.9845 52.2448 0.0938 0.3125 0.463 -0.5528 -0.6929
-34.9089 41.9845 52.2448 0.0938 0.3125 0.463 -0.5528 -0.6929
-29.6876 53.4362 44.4306 0.0938 0.25 0.3945 -0.7041 -0.5905
-20.4491 53.4362 49.3686 0.0625 0.25 0.2718 -0.7041 -0.6561
-29.6876 53.4362 44.4306 0.0938 0.25 0.3945 -0.7041 -0.5905
-34.9089 41.9845 52.2448 0.0938 0.3125 0.463 -0.5528 -0.6929
-44.4306 41.9845 44.4306 0.125 0.3125 0.5893 -0.5528 -0.5893
-44.4306 41.9845 44.4306 0.125 0.3125 0.5893 -0.5528 -0.5893
-37.7851 53.4362 37.7851 0.125 0.25 0.5021 -0.7041 -0.5021
-29.6876 53.4362 44.4306 0.0938 0.25 0.3945 -0.7041 -0.5905
-37.7851 53.4362 37.7851 0.125 0.25 0.5021 -0.7041 -0.5021
-44.4306 41.9845 44.4306 0.125 0.3125 0.5893 -0.5528 -0.5893
-52.2448 41.9845 34.9089 0.1563 0.3125 0.6929 -0.5528 -0.463
-52.2448 41.9845 34.9089 0.1563 0.3125 0.6929 -0.5528 -0.463
-44.4306 53.4362 29.6876 0.1563 0.25 0.5905 -0.7041 -0.3945
-37.7851 53.4362 37.7851 0.125 0.25 0.5021 -0.7041 -0.5021
-44.4306 53.4362 29.6876 0.1563 0.25 0.5905 -0.7041 -0.3945
-52.2448 41.9845 34.9089 0.1563 0.3125 0.6929 -0.5528 -0.463
-58.0513 41.9845 24.0456 0.1875 0.3125 0.7699 -0.5528 -0.3189
-58.0513 41.9845 24.0456 0.1875 0.3125 0.7699 -0.5528 -0.3189
-49.3686 53.4362 20.4491 0.1875 0.25 0.6561 -0.7041 -0.2718
-44.4306 53.4362 29.6876 0.1563 0.25 0.5905 -0.7041 -0.3945
-49.3686 53.4362 20.4491 0.1875 0.25 0.6561 -0.7041 -0.2718
-58.0513 41.9845 24.0456 0.1875 0.3125 0.7699 -0.5528 -0.3189
-61.627 41.9845 12.2584 0.2187 0.3125 0.8173 -0.5528 -0.1626
-61.627 41.9845 12.2584 0.2187 0.3125 0.8173 -0.5528 -0.1626
-52.4094 53.4362 10.4249 0.2187 0.25 0.6965 -0.7041 -0.1385
-49.3686 53.4362 20.4491 0.1875 0.25 0.6561 -0.7041 -0.2718
-52.4094 53.4362 10.4249 0.2187 0.25 0.6965 -0.7041 -0.1385
-61.627 41.9845 12.2584 0.2187 0.3125 0.8173 -0.5528 -0.1626
-62.8343 41.9845 -0 0.25 0.3125 0.8333 -0.5528 0
-62.8343 41.9845 -0 0.25 0.3125 0.8333 -0.5528 0
-53.4362 53.4362 -0 0.25 0.25 0.7101 -0.7041 0
-52.4094 53.4362 10.4249 0.2187 0.25 0.6965 -0.7041 -0.1385
-53.4362 53.4362 -0 0.25 0.25 0.7101 -0.7041 0
-62.8343 41.9845 -0 0.25 0.3125 0.8333 -0.5528 0
-61.627 41.9845 -12.2584 0.2812 0.3125 0.8173 -0.5528 0.1626
-61.627 41.9845 -12.2584 0.2812 0.3125 0.8173 -0.5528 0.1626
-52.4094 53.4362 -10.4249 0.2812 0.25 0.6965 -0.7041 0.1385
-53.4362 53.4362 -0 0.25 0.25 0.7101 -0.7041 0
-52.4094 53.4362 -10.4249 0.2812 0.25 0.6965 -0.7041 0.1385
-61.627 41.9845 -12.2584 0.2812 0.3125 0.8173 -0.5528 0.1626
-58.0513 41.9845 -24.0457 0.3125 0.3125 0.7699 -0.5528 0.3189
-58.0513 41.9845 -24.0457 0.3125 0.3125 0.7699 -0.5528 0.3189
-49.3686 53.4362 -20.4492 0.3125 0.25 0.6561 -0.7041 0.2718
-52.4094 53.4362 -10.4249 0.2812 0.25 0.6965 -0.7041 0.1385
-49.3686 53.4362 -20.4492 0.3125 0.25 0.6561 -0.7041 0.2718
-58.0513 41.9845 -24.0457 0.3125 0.3125 0.7699 -0.5528 0.3189
-52.2448 41.9845 -34.9089 0.3437 0.3125 0.6929 -0.5528 0.463
-52.2448 41.9845 -34.9089 0.3437 0.3125 0.6929 -0.5528 0.463
-44.4305 53.4362 -29.6876 0.3437 0.25 0.5905 -0.7041 0.3945
-49.3686 53.4362 -20.4492 0.3125 0.25 0.6561 -0.7041 0.2718
-44.4305 53.4362 -29.6876 0.3437 0.25 0.5905 -0.7041 0.3945
-52.2448 41.9845 -34.9089 0.3437 0.3125 0.6929 -0.5528 0.463
-44.4305 41.9845 -44.4306 0.375 0.3125 0.5893 -0.5528 0.5893
-44.4305 41.9845 -44.4306 0.375 0.3125 0.5893 -0.5528 0.5893
-37.7851 53.4362 -37.7851 0.375 0.25 0.5021 -0.7041 0.5021
-44.4305 53.4362 -29.6876 0.3437 0.25 0.5905 -0.7041 0.3945
-37.7851 53.4362 -37.7851 0.375 0.25 0.5021 -0.7041 0.5021
-44.4305 41.9845 -44.4306 0.375 0.3125 0.5893 -0.5528 0.5893
-34.9088 41.9845 -52.2448 0.4063 0.3125 0.463 -0.5528 0.6929
-34.9088 41.9845 -52.2448 0.4063 0.3125 0.463 -0.5528 0.6929
-29.6875 53.4362 -44.4306 0.4063 0.25 0.3945 -0.7041 0.5905
-37.7851 53.4362 -37.7851 0.375 0.25 0.5021 -0.7041 0.5021
-29.6875 53.4362 -44.4306 0.4063 0.25 0.3945 -0.7041 0.5905
-34.9088 41.9845 -52.2448 0.4063 0.3125 0.463 -0.5528 0.6929
-24.0456 41.9845 -58.0514 0.4375 0.3125 0.3189 -0.5528 0.7699
-24.0456 41.9845 -58.0514 0.4375 0.3125 0.3189 -0.5528 0.7699
-20.4491 53.4362 -49.3686 0.4375 0.25 0.2718 -0.7041 0.6561
-29.6875 53.4362 -44.4306 0.4063 0.25 0.3945 -0.7041 0.5905
-20.4491 53.4362 -49.3686 0.4375 0.25 0.2718 -0.7041 0.6561
-24.0456 41.9845 -58.0514 0.4375 0.3125 0.3189 -0.5528 0.7699
-12.2583 41.9845 -61.627 0.4688 0.3125 0.1626 -0.5528 0.8173
-12.2583 41.9845 -61.627 0.4688 0.3125 0.1626 -0.5528 0.8173
-10.4248 53.4362 -52.4094 0.4688 0.25 0.1385 -0.7041 0.6965
-20.4491 53.4362 -49.3686 0.4375 0.25 0.2718 -0.7041 0.6561
-10.4248 53.4362 -52.4094 0.4688 0.25 0.1385 -0.7041 0.6965
-12.2583 41.9845 -61.627 0.4688 0.3125 0.1626 -0.5528 0.8173
0.0001 41.9845 -62.8343 0.5 0.3125 -0 -0.5528 0.8333
0.0001 41.9845 -62.8343 0.5 0.3125 -0 -0.5528 0.8333
0.0001 53.4362 -53.4362 0.5 0.25 -0 -0.7041 0.7101
-10.4248 53.4362 -52.4094 0.4688 0.25 0.1385 -0.7041 0.6965
0.0001 53.4362 -53.4362 0.5 0.25 -0 -0.7041 0.7101
0.0001 41.9845 -62.8343 0.5 0.3125 -0 -0.5528 0.8333
12.2584 41.9845 -61.627 0.5313 0.3125 -0.1626 -0.5528 0.8173
12.2584 41.9845 -61.627 0.5313 0.3125 -0.1626 -0.5528 0.8173
10.4249 53.4362 -52.4094 0.5313 0.25 -0.1385 -0.7041 0.6965
0.0001 53.4362 -53.4362 0.5 0.25 -0 -0.7041 0.7101
10.4249 53.4362 -52.4094 0.5313 0.25 -0.1385 -0.7041 0.6965
12.2584 41.9845 -61.627 0.5313 0.3125 -0.1626 -0.5528 0.8173
24.0457 41.9845 -58.0513 0.5625 0.3125 -0.3189 -0.5528 0.7699
24.0457 41.9845 -58.0513 0.5625 0.3125 -0.3189 -0.5528 0.7699
20.4492 53.4362 -49.3686 0.5625 0.25 -0.2718 -0.7041 0.6561
10.4249 53.4362 -52.4094 0.5313 0.25 -0.1385 -0.7041 0.6965
20.4492 53.4362 -49.3686 0.5625 0.25 -0.2718 -0.7041 0.6561
24.0457 41.9845 -58.0513 0.5625 0.3125 -0.3189 -0.5528 0.7699
34.9089 41.9845 -52.2448 0.5938 0.3125 -0.463 -0.5528 0.6929
34.9089 41.9845 -52.2448 0.5938 0.3125 -0.463 -0.5528 0.6929
29.6876 53.4362 -44.4305 0.5938 0.25 -0.3945 -0.7041 0.5905
20.4492 53.4362 -49.3686 0.5625 0.25 -0.2718 -0.7041 0.6561
29.6876 53.4362 -44.4305 0.5938 0.25 -0.3945 -0.7041 0.5905
34.9089 41.9845 -52.2448 0.5938 0.3125 -0.463 -0.5528 0.6929
44.4306 41.9845 -44.4305 0.625 0.3125 -0.5893 -0.5528 0.5893
44.4306 41.9845 -44.4305 0.625 0.3125 -0.5893 -0.5528 0.5893
37.7851 53.4362 -37.785 0.625 0.25 -0.5021 -0.7041 0.5021
29.6876 53.4362 -44.4305 0.5938 0.25 -0.3945 -0.7041 0.5905
37.7851 53.4362 -37.785 0.625 0.25 -0.5021 -0.7041 0.5021
44.4306 41.9845 -44.4305 0.625 0.3125 -0.5893 -0.5528 0.5893
52.2449 41.9845 -34.9088 0.6563 0.3125 -0.6929 -0.5528 0.463
52.2449 41.9845 -34.9088 0.6563 0.3125 -0.6929 -0.5528 0.463
44.4306 53.4362 -29.6875 0.6563 0.25 -0.5905 -0.7041 0.3945
37.7851 53.4362 -37.785 0.625 0.25 -0.5021 -0.7041 0.5021
44.4306 53.4362 -29.6875 0.6563 0.25 -0.5905 -0.7041 0.3945
52.2449 41.9845 -34.9088 0.6563 0.3125 -0.6929 -0.5528 0.463
58.0514 41.9845 -24.0456 0.6875 0.3125 -0.7699 -0.5528 0.3189
58.0514 41.9845 -24.0456 0.6875 0.3125 -0.7699 -0.5528 0.3189
49.3686 53.4362 -20.4491 0.6875 0.25 -0.6561 -0.7041 0.2718
44.4306 53.4362 -29.6875 0.6563 0.25 -0.5905 -0.7041 0.3945
49.3686 53.4362 -20.4491 0.6875 0.25 -0.6561 -0.7041 0.2718
58.0514 41.9845 -24.0456 0.6875 0.3125 -0.7699 -0.5528 0.3189
61.627 41.9845 -12.2583 0.7188 0.3125 -0.8173 -0.5528 0.1626
61.627 41.9845 -12.2583 0.7188 0.3125 -0.8173 -0.5528 0.1626
52.4094 53.4362 -10.4248 0.7188 0.25 -0.6965 -0.7041 0.1385
49.3686 53.4362 -20.4491 0.6875 0.25 -0.6561 -0.7041 0.2718
52.4094 53.4362 -10.4248 0.7188 0.25 -0.6965 -0.7041 0.1385
61.627 41.9845 -12.2583 0.7188 0.3125 -0.8173 -0.5528 0.1626
62.8343 41.9845 0.0001 0.75 0.3125 -0.8333 -0.5528 -0
62.8343 41.9845 0.0001 0.75 0.3125 -0.8333 -0.5528 -0
53.4362 53.4362 0.0001 0.75 0.25 -0.7101 -0.7041 -0
52.4094 53.4362 -10.4248 0.7188 0.25 -0.6965 -0.7041 0.1385
53.4362 53.4362 0.0001 0.75 0.25 -0.7101 -0.7041 -0
62.8343 41.9845 0.0001 0.75 0.3125 -0.8333 -0.5528 -0
61.6269 41.9845 12.2585 0.7813 0.3125 -0.8173 -0.5528 -0.1626
61.6269 41.9845 12.2585 0.7813 0.3125 -0.8173 -0.5528 -0.1626
52.4094 53.4362 10.425 0.7813 0.25 -0.6965 -0.7041 -0.1385
53.4362 53.4362 0.0001 0.75 0.25 -0.7101 -0.7041 -0
52.4094 53.4362 10.425 0.7813 0.25 -0.6965 -0.7041 -0.1385
61.6269 41.9845 12.2585 0.7813 0.3125 -0.8173 -0.5528 -0.1626
58.0513 41.9845 24.0458 0.8125 0.3125 -0.7699 -0.5528 -0.3189
58.0513 41.9845 24.0458 0.8125 0.3125 -0.7699 -0.5528 -0.3189
49.3686 53.4362 20.4492 0.8125 0.25 -0.6561 -0.7041 -0.2718
52.4094 53.4362 10.425 0.7813 0.25 -0.6965 -0.7041 -0.1385
49.3686 53.4362 20.4492 0.8125 0.25 -0.6561 -0.7041 -0.2718
58.0513 41.9845 24.0458 0.8125 0.3125 -0.7699 -0.5528 -0.3189
52.2448 41.9845 34.909 0.8438 0.3125 -0.6929 -0.5528 -0.463
52.2448 41.9845 34.909 0.8438 0.3125 -0.6929 -0.5528 -0.463
44.4305 53.4362 29.6876 0.8438 0.25 -0.5905 -0.7041 -0.3945
49.3686 53.4362 20.4492 0.8125 0.25 -0.6561 -0.7041 -0.2718
44.4305 53.4362 29.6876 0.8438 0.25 -0.5905 -0.7041 -0.3945
52.2448 41.9845 34.909 0.8438 0.3125 -0.6929 -0.5528 -0.463
44.4305 41.9845 44.4307 0.875 0.3125 -0.5893 -0.5528 -0.5893
44.4305 41.9845 44.4307 0.875 0.3125 -0.5893 -0.5528 -0.5893
37.785 53.4362 37.7852 0.875 0.25 -0.5021 -0.7041 -0.5021
44.4305 53.4362 29.6876 0.8438 0.25 -0.5905 -0.7041 -0.3945
37.785 53.4362 37.7852 0.875 0.25 -0.5021 -0.7041 -0.5021
44.4305 41.9845 44.4307 0.875 0.3125 -0.5893 -0.5528 -0.5893
34.9088 41.9845 52.2449 0.9063 0.3125 -0.463 -0.5528 -0.6929
34.9088 41.9845 52.2449 0.9063 0.3125 -0.463 -0.5528 -0.6929
29.6875 53.4362 44.4306 0.9063 0.25 -0.3945 -0.7041 -0.5905
37.785 53.4362 37.7852 0.875 0.25 -0.5021 -0.7041 -0.5021
29.6875 53.4362 44.4306 0.9063 0.25 -0.3945 -0.7041 -0.5905
34.9088 41.9845 52.2449 0.9063 0.3125 -0.463 -0.5528 -0.6929
24.0455 41.9845 58.0514 0.9375 0.3125 -0.3189 -0.5528 -0.7699
24.0455 41.9845 58.0514 0.9375 0.3125 -0.3189 -0.5528 -0.7699
20.449 53.4362 49.3686 0.9375 0.25 -0.2718 -0.7041 -0.6561
29.6875 53.4362 44.4306 0.9063 0.25 -0.3945 -0.7041 -0.5905
20.449 53.4362 49.3686 0.9375 0.25 -0.2718 -0.7041 -0.6561
24.0455 41.9845 58.0514 0.9375 0.3125 -0.3189 -0.5528 -0.7699
12.2582 41.9845 61.627 0.9688 0.3125 -0.1626 -0.5528 -0.8173
12.2582 41.9845 61.627 0.9688 0.3125 -0.1626 -0.5528 -0.8173
10.4248 53.4362 52.4094 0.9688 0.25 -0.1385 -0.7041 -0.6965
20.449 53.4362 49.3686 0.9375 0.25 -0.2718 -0.7041 -0.6561
10.4248 53.4362 52.4094 0.9688 0.25 -0.1385 -0.7041 -0.6965
12.2582 41.9845 61.627 0.9688 0.3125 -0.1626 -0.5528 -0.8173
-0 41.9845 62.8343 1 0.3125 0 -0.5528 -0.8333
-0 41.9845 62.8343 1 0.3125 0 -0.5528 -0.8333
-0 53.4362 53.4362 1 0.25 0 -0.7041 -0.7101
10.4248 53.4362 52.4094 0.9688 0.25 -0.1385 -0.7041 -0.6965
-0 41.9845 62.8343 0 0.3125 0 -0.5528 -0.8333
-0 28.9195 69.8177 0 0.375 0 -0.3805 -0.9248
-13.6208 28.9195 68.4762 0.0313 0.375 0.1804 -0.3805 -0.907
-13.6208 28.9195 68.4762 0.0313 0.375 0.1804 -0.3805 -0.907
-12.2584 41.9845 61.627 0.0313 0.3125 0.1626 -0.5528 -0.8173
-0 41.9845 62.8343 0 0.3125 0 -0.5528 -0.8333
-12.2584 41.9845 61.627 0.0313 0.3125 0.1626 -0.5528 -0.8173
-13.6208 28.9195 68.4762 0.0313 0.375 0.1804 -0.3805 -0.907
-26.7181 28.9195 64.5032 0.0625 0.375 0.3539 -0.3805 -0.8544
-26.7181 28.9195 64.5032 0.0625 0.375 0.3539 -0.3805 -0.8544
-24.0456 41.9845 58.0513 0.0625 0.3125 0.3189 -0.5528 -0.7699
-12.2584 41.9845 61.627 0.0313 0.3125 0.1626 -0.5528 -0.8173
-24.0456 41.9845 58.0513 0.0625 0.3125 0.3189 -0.5528 -0.7699
-26.7181 28.9195 64.5032 0.0625 0.375 0.3539 -0.3805 -0.8544
-38.7887 28.9195 58.0513 0.0938 0.375 0.5138 -0.3805 -0.7689
-38.7887 28.9195 58.0513 0.0938 0.375 0.5138 -0.3805 -0.7689
-34.9089 41.9845 52.2448 0.0938 0.3125 0.463 -0.5528 -0.6929
-24.0456 41.9845 58.0513 0.0625 0.3125 0.3189 -0.5528 -0.7699
-34.9089 41.9845 52.2448 0.0938 0.3125 0.463 -0.5528 -0.6929
-38.7887 28.9195 58.0513 0.0938 0.375 0.5138 -0.3805 -0.7689
-49.3686 28.9195 49.3686 0.125 0.375 0.6539 -0.3805 -0.6539
-49.3686 28.9195 49.3686 0.125 0.375 0.6539 -0.3805 -0.6539
-44.4306 41.9845 44.4306 0.125 0.3125 0.5893 -0.5528 -0.5893
-34.9089 41.9845 52.2448 0.0938 0.3125 0.463 -0.5528 -0.6929
-44.4306 41.9845 44.4306 0.125 0.3125 0.5893 -0.5528 -0.5893
-49.3686 28.9195 49.3686 0.125 0.375 0.6539 -0.3805 -0.6539
-58.0513 28.9195 38.7887 0.1563 0.375 0.7689 -0.3805 -0.5138
-58.0513 28.9195 38.7887 0.1563 0.375 0.7689 -0.3805 -0.5138
-52.2448 41.9845 34.9089 0.1563 0.3125 0.6929 -0.5528 -0.463
-44.4306 41.9845 44.4306 0.125 0.3125 0.5893 -0.5528 -0.5893
-52.2448 41.9845 34.9089 0.1563 0.3125 0.6929 -0.5528 -0.463
-58.0513 28.9195 38.7887 0.1563 0.375 0.7689 -0.3805 -0.5138
-64.5032 28.9195 26.7181 0.1875 0.375 0.8544 -0.3805 -0.3539
-64.5032 28.9195 26.7181 0.1875 0.375 0.8544 -0.3805 -0.3539
-58.0513 41.9845 24.0456 0.1875 0.3125 0.7699 -0.5528 -0.3189
-52.2448 41.9845 34.9089 0.1563 0.3125 0.6929 -0.5528 -0.463
-58.0513 41.9845 24.0456 0.1875 0.3125 0.7699 -0.5528 -0.3189
-64.5032 28.9195 26.7181 0.1875 0.375 0.8544 -0.3805 -0.3539
-68.4762 28.9195 13.6207 0.2187 0.375 0.907 -0.3805 -0.1804
-68.4762 28.9195 13.6207 0.2187 0.375 0.907 -0.3805 -0.1804
-61.627 41.9845 12.2584 0.2187 0.3125 0.8173 -0.5528 -0.1626
-58.0513 41.9845 24.0456 0.1875 0.3125 0.7699 -0.5528 -0.3189
-61.627 41.9845 12.2584 0.2187 0.3125 0.8173 -0.5528 -0.1626
-68.4762 28.9195 13.6207 0.2187 0.375 0.907 -0.3805 -0.1804
-69.8177 28.9195 -0 0.25 0.375 0.9248 -0.3805 0
-69.8177 28.9195 -0 0.25 0.375 0.9248 -0.3805 0
-62.8343 41.9845 -0 0.25 0.3125 0.8333 -0.5528 0
-61.627 41.9845 12.2584 0.2187 0.3125 0.8173 -0.5528 -0.1626
-62.8343 41.9845 -0 0.25 0.3125 0.8333 -0.5528 0
-69.8177 28.9195 -0 0.25 0.375 0.9248 -0.3805 0
-68.4762 28.9195 -13.6208 0.2812 0.375 0.907 -0.3805 0.1804
-68.4762 28.9195 -13.6208 0.2812 0.375 0.907 -0.3805 0.1804
-61.627 41.9845 -12.2584 0.2812 0.3125 0.8173 -0.5528 0.1626
-62.8343 41.9845 -0 0.25 0.3125 0.8333 -0.5528 0
-61.627 41.9845 -12.2584 0.2812 0.3125 0.8173 -0.5528 0.1626
-68.4762 28.9195 -13.6208 0.2812 0.375 0.907 -0.3805 0.1804
-64.5032 28.9195 -26.7181 0.3125 0.375 0.8544 -0.3805 0.3539
-64.5032 28.9195 -26.7181 0.3125 0.375 0.8544 -0.3805 0.3539
-58.0513 41.9845 -24.0457 0.3125 0.3125 0.7699 -0.5528 0.3189
-61.627 41.9845 -12.2584 0.2812 0.3125 0.8173 -0.5528 0.1626
-58.0513 41.9845 -24.0457 0.3125 0.3125 0.7699 -0.5528 0.3189
-64.5032 28.9195 -26.7181 0.3125 0.375 0.8544 -0.3805 0.3539
-58.0513 28.9195 -38.7887 0.3437 0.375 0.7689 -0.3805 0.5138
-58.0513 28.9195 -38.7887 0.3437 0.375 0.7689 -0.3805 0.5138
-52.2448 41.9845 -34.9089 0.3437 0.3125 0.6929 -0.5528 0.463
-58.0513 41.9845 -24.0457 0.3125 0.3125 0.7699 -0.5528 0.3189
-52.2448 41.9845 -34.9089 0.3437 0.3125 0.6929 -0.5528 0.463
-58.0513 28.9195 -38.7887 0.3437 0.375 0.7689 -0.3805 0.5138
-49.3686 28.9195 -49.3686 0.375 0.375 0.6539 -0.3805 0.6539
-49.3686 28.9195 -49.3686 0.375 0.375 0.6539 -0.3805 0.6539
-44.4305 41.9845 -44.4306 0.375 0.3125 0.5893 -0.5528 0.5893
-52.2448 41.9845 -34.9089 0.3437 0.3125 0.6929 -0.5528 0.463
-44.4305 41.9845 -44.4306 0.375 0.3125 0.5893 -0.5528 0.5893
-49.3686 28.9195 -49.3686 0.375 0.375 0.6539 -0.3805 0.6539
-38.7886 28.9195 -58.0514 0.4063 0.375 0.5138 -0.3805 0.7689
-38.7886 28.9195 -58.0514 0.4063 0.375 0.5138 -0.3805 0.7689
-34.9088 41.9845 -52.2448 0.4063 0.3125 0.463 -0.5528 0.6929
-44.4305 41.9845 -44.4306 0.375 0.3125 0.5893 -0.5528 0.5893
-34.9088 41.9845 -52.2448 0.4063 0.3125 0.463 -0.5528 0.6929
-38.7886 28.9195 -58.0514 0.4063 0.375 0.5138 -0.3805 0.7689
-26.718 28.9195 -64.5032 0.4375 0.375 0.3539 -0.3805 0.8544
-26.718 28.9195 -64.5032 0.4375 0.375 0.3539 -0.3805 0.8544
-24.0456 41.9845 -58.0514 0.4375 0.3125 0.3189 -0.5528 0.7699
-34.9088 41.9845 -52.2448 0.4063 0.3125 0.463 -0.5528 0.6929
-24.0456 41.9845 -58.0514 0.4375 0.3125 0.3189 -0.5528 0.7699
-26.718 28.9195 -64.5032 0.4375 0.375 0.3539 -0.3805 0.8544
-13.6207 28.9195 -68.4762 0.4688 0.375 0.1804 -0.3805 0.907
-13.6207 28.9195 -68.4762 0.4688 0.375 0.1804 -0.3805 0.907
-12.2583 41.9845 -61.627 0.4688 0.3125 0.1626 -0.5528 0.8173
-24.0456 41.9845 -58.0514 0.4375 0.3125 0.3189 -0.5528 0.7699
-12.2583 41.9845 -61.627 0.4688 0.3125 0.1626 -0.5528 0.8173
-13.6207 28.9195 -68.4762 0.4688 0.375 0.1804 -0.3805 0.907
0.0001 28.9195 -69.8177 0.5 0.375 -0 -0.3805 0.9248
0.0001 28.9195 -69.8177 0.5 0.375 -0 -0.3805 0.9248
0.0001 41.9845 -62.8343 0.5 0.3125 -0 -0.5528 0.8333
-12.2583 41.9845 -61.627 0.4688 0.3125 0.1626 -0.5528 0.8173
0.0001 41.9845 -62.8343 0.5 0.3125 -0 -0.5528 0.8333
0.0001 28.9195 -69.8177 0.5 0.375 -0 -0.3805 0.9248
13.6208 28.9195 -68.4762 0.5313 0.375 -0.1804 -0.3805 0.907
13.6208 28.9195 -68.4762 0.5313 0.375 -0.1804 -0.3805 0.907
12.2584 41.9845 -61.627 0.5313 0.3125 -0.1626 -0.5528 0.8173
0.0001 41.9845 -62.8343 0.5 0.3125 -0 -0.5528 0.8333
12.2584 41.9845 -61.627 0.5313 0.3125 -0.1626 -0.5528 0.8173
13.6208 28.9195 -68.4762 0.5313 0.375 -0.1804 -0.3805 0.907
26.7182 28.9195 -64.5032 0.5625 0.375 -0.3539 -0.3805 0.8544
26.7182 28.9195 -64.5032 0.5625 0.375 -0.3539 -0.3805 0.8544
24.0457 41.9845 -58.0513 0.5625 0.3125 -0.3189 -0.5528 0.7699
12.2584 41.9845 -61.627 0.5313 0.3125 -0.1626 -0.5528 0.8173
24.0457 41.9845 -58.0513 0.5625 0.3125 -0.3189 -0.5528 0.7699
26.7182 28.9195 -64.5032 0.5625 0.375 -0.3539 -0.3805 0.8544
38.7887 28.9195 -58.0513 0.5938 0.375 -0.5138 -0.3805 0.7689
38.7887 28.9195 -58.0513 0.5938 0.375 -0.5138 -0.3805 0.7689
34.9089 41.9845 -52.2448 0.5938 0.3125 -0.463 -0.5528 0.6929
24.0457 41.9845 -58.0513 0.5625 0.3125 -0.3189 -0.5528 0.7699
34.9089 41.9845 -52.2448 0.5938 0.3125 -0.463 -0.5528 0.6929
38.7887 28.9195 -58.0513 0.5938 0.375 -0.5138 -0.3805 0.7689
49.3687 28.9195 -49.3685 0.625 0.375 -0.6539 -0.3805 0.6539
49.3687 28.9195 -49.3685 0.625 0.375 -0.6539 -0.3805 0.6539
44.4306 41.9845 -44.4305 0.625 0.3125 -0.5893 -0.5528 0.5893
34.9089 41.9845 -52.2448 0.5938 0.3125 -0.463 -0.5528 0.6929
44.4306 41.9845 -44.4305 0.625 0.3125 -0.5893 -0.5528 0.5893
49.3687 28.9195 -49.3685 0.625 0.375 -0.6539 -0.3805 0.6539
58.0514 28.9195 -38.7886 0.6563 0.375 -0.7689 -0.3805 0.5138
58.0514 28.9195 -38.7886 0.6563 0.375 -0.7689 -0.3805 0.5138
52.2449 41.9845 -34.9088 0.6563 0.3125 -0.6929 -0.5528 0.463
44.4306 41.9845 -44.4305 0.625 0.3125 -0.5893 -0.5528 0.5893
52.2449 41.9845 -34.9088 0.6563 0.3125 -0.6929 -0.5528 0.463
58.0514 28.9195 -38.7886 0.6563 0.375 -0.7689 -0.3805 0.5138
64.5032 28.9195 -26.718 0.6875 0.375 -0.8544 -0.3805 0.3539
64.5032 28.9195 -26.718 0.6875 0.375 -0.8544 -0.3805 0.3539
58.0514 41.9845 -24.0456 0.6875 0.3125 -0.7699 -0.5528 0.3189
52.2449 41.9845 -34.9088 0.6563 0.3125 -0.6929 -0.5528 0.463
58.0514 41.9845 -24.0456 0.6875 0.3125 -0.7699 -0.5528 0.3189
64.5032 28.9195 -26.718 0.6875 0.375 -0.8544 -0.3805 0.3539
68.4762 28.9195 -13.6207 0.7188 0.375 -0.907 -0.3805 0.1804
68.4762 28.9195 -13.6207 0.7188 0.375 -0.907 -0.3805 0.1804
61.627 41.9845 -12.2583 0.7188 0.3125 -0.8173 -0.5528 0.1626
58.0514 41.9845 -24.0456 0.6875 0.3125 -0.7699 -0.5528 0.3189
61.627 41.9845 -12.2583 0.7188 0.3125 -0.8173 -0.5528 0.1626
68.4762 28.9195 -13.6207 0.7188 0.375 -0.907 -0.3805 0.1804
69.8177 28.9195 0.0001 0.75 0.375 -0.9248 -0.3805 -0
69.8177 28.9195 0.0001 0.75 0.375 -0.9248 -0.3805 -0
62.8343 41.9845 0.0001 0.75 0.3125 -0.8333 -0.5528 -0
61.627 41.9845 -12.2583 0.7188 0.3125 -0.8173 -0.5528 0.1626
62.8343 41.9845 0.0001 0.75 0.3125 -0.8333 -0.5528 -0
69.8177 28.9195 0.0001 0.75 0.375 -0.9248 -0.3805 -0
68.4762 28.9195 13.6209 0.7813 0.375 -0.907 -0.3805 -0.1804
68.4762 28.9195 13.6209 0.7813 0.375 -0.907 -0.3805 -0.1804
61.6269 41.9845 12.2585 0.7813 0.3125 -0.8173 -0.5528 -0.1626
62.8343 41.9845 0.0001 0.75 0.3125 -0.8333 -0.5528 -0
61.6269 41.9845 12.2585 0.7813 0.3125 -0.8173 -0.5528 -0.1626
68.4762 28.9195 13.6209 0.7813 0.375 -0.907 -0.3805 -0.1804
64.5031 28.9195 26.7182 0.8125 0.375 -0.8544 -0.3805 -0.3539
64.5031 28.9195 26.7182 0.8125 0.375 -0.8544 -0.3805 -0.3539
58.0513 41.9845 24.0458 0.8125 0.3125 -0.7699 -0.5528 -0.3189
61.6269 41.9845 12.2585 0.7813 0.3125 -0.8173 -0.5528 -0.1626
58.0513 41.9845 24.0458 0.8125 0.3125 -0.7699 -0.5528 -0.3189
64.5031 28.9195 26.7182 0.8125 0.375 -0.8544 -0.3805 -0.3539
58.0513 28.9195 38.7888 0.8438 0.375 -0.7689 -0.3805 -0.5138
58.0513 28.9195 38.7888 0.8438 0.375 -0.7689 -0.3805 -0.5138
52.2448 41.9845 34.909 0.8438 0.3125 -0.6929 -0.5528 -0.463
58.0513 41.9845 24.0458 0.8125 0.3125 -0.7699 -0.5528 -0.3189
52.2448 41.9845 34.909 0.8438 0.3125 -0.6929 -0.5528 -0.463
58.0513 28.9195 38.7888 0.8438 0.375 -0.7689 -0.3805 -0.5138
49.3685 28.9195 49.3687 0.875 0.375 -0.6539 -0.3805 -0.6539
49.3685 28.9195 49.3687 0.875 0.375 -0.6539 -0.3805 -0.6539
44.4305 41.9845 44.4307 0.875 0.3125 -0.5893 -0.5528 -0.5893
52.2448 41.9845 34.909 0.8438 0.3125 -0.6929 -0.5528 -0.463
44.4305 41.9845 44.4307 0.875 0.3125 -0.5893 -0.5528 -0.5893
49.3685 28.9195 49.3687 0.875 0.375 -0.6539 -0.3805 -0.6539
38.7885 28.9195 58.0514 0.9063 0.375 -0.5138 -0.3805 -0.7689
38.7885 28.9195 58.0514 0.9063 0.375 -0.5138 -0.3805 -0.7689
34.9088 41.9845 52.2449 0.9063 0.3125 -0.463 -0.5528 -0.6929
44.4305 41.9845 44.4307 0.875 0.3125 -0.5893 -0.5528 -0.5893
34.9088 41.9845 52.2449 0.9063 0.3125 -0.463 -0.5528 -0.6929
38.7885 28.9195 58.0514 0.9063 0.375 -0.5138 -0.3805 -0.7689
26.718 28.9195 64.5032 0.9375 0.375 -0.3539 -0.3805 -0.8544
26.718 28.9195 64.5032 0.9375 0.375 -0.3539 -0.3805 -0.8544
24.0455 41.9845 58.0514 0.9375 0.3125 -0.3189 -0.5528 -0.7699
34.9088 41.9845 52.2449 0.9063 0.3125 -0.463 -0.5528 -0.6929
24.0455 41.9845 58.0514 0.9375 0.3125 -0.3189 -0.5528 -0.7699
26.718 28.9195 64.5032 0.9375 0.375 -0.3539 -0.3805 -0.8544
13.6206 28.9195 68.4762 0.9688 0.375 -0.1804 -0.3805 -0.907
13.6206 28.9195 68.4762 0.9688 0.375 -0.1804 -0.3805 -0.907
12.2582 41.9845 61.627 0.9688 0.3125 -0.1626 -0.5528 -0.8173
24.0455 41.9845 58.0514 0.9375 0.3125 -0.3189 -0.5528 -0.7699
12.2582 41.9845 61.627 0.9688 0.3125 -0.1626 -0.5528 -0.8173
13.6206 28.9195 68.4762 0.9688 0.375 -0.1804 -0.3805 -0.907
-0 28.9195 69.8177 1 0.375 0 -0.3805 -0.9248
-0 28.9195 69.8177 1 0.375 0 -0.3805 -0.9248
-0 41.9845 62.8343 1 0.3125 0 -0.5528 -0.8333
12.2582 41.9845 61.627 0.9688 0.3125 -0.1626 -0.5528 -0.8173
-0 28.9195 69.8177 0 0.375 0 -0.3805 -0.9248
-0 14.743 74.1181 0 0.4375 0 -0.1939 -0.981
-14.4597 14.743 72.6939 0.0313 0.4375 0.1914 -0.1939 -0.9622
-14.4597 14.743 72.6939 0.0313 0.4375 0.1914 -0.1939 -0.9622
-13.6208 28.9195 68.4762 0.0313 0.375 0.1804 -0.3805 -0.907
-0 28.9195 69.8177 0 0.375 0 -0.3805 -0.9248
-13.6208 28.9195 68.4762 0.0313 0.375 0.1804 -0.3805 -0.907
-14.4597 14.743 72.6939 0.0313 0.4375 0.1914 -0.1939 -0.9622
-28.3638 14.743 68.4762 0.0625 0.4375 0.3754 -0.1939 -0.9063
-28.3638 14.743 68.4762 0.0625 0.4375 0.3754 -0.1939 -0.9063
-26.7181 28.9195 64.5032 0.0625 0.375 0.3539 -0.3805 -0.8544
-13.6208 28.9195 68.4762 0.0313 0.375 0.1804 -0.3805 -0.907
-26.7181 28.9195 64.5032 0.0625 0.375 0.3539 -0.3805 -0.8544
-28.3638 14.743 68.4762 0.0625 0.4375 0.3754 -0.1939 -0.9063
-41.1778 14.743 61.627 0.0938 0.4375 0.545 -0.1939 -0.8157
-41.1778 14.743 61.627 0.0938 0.4375 0.545 -0.1939 -0.8157
-38.7887 28.9195 58.0513 0.0938 0.375 0.5138 -0.3805 -0.7689
-26.7181 28.9195 64.5032 0.0625 0.375 0.3539 -0.3805 -0.8544
-38.7887 28.9195 58.0513 0.0938 0.375 0.5138 -0.3805 -0.7689
-41.1778 14.743 61.627 0.0938 0.4375 0.545 -0.1939 -0.8157
-52.4094 14.743 52.4094 0.125 0.4375 0.6937 -0.1939 -0.6937
-52.4094 14.743 52.4094 0.125 0.4375 0.6937 -0.1939 -0.6937
-49.3686 28.9195 49.3686 0.125 0.375 0.6539 -0.3805 -0.6539
-38.7887 28.9195 58.0513 0.0938 0.375 0.5138 -0.3805 -0.7689
-49.3686 28.9195 49.3686 0.125 0.375 0.6539 -0.3805 -0.6539
-52.4094 14.743 52.4094 0.125 0.4375 0.6937 -0.1939 -0.6937
-61.627 14.743 41.1778 0.1563 0.4375 0.8157 -0.1939 -0.545
-61.627 14.743 41.1778 0.1563 0.4375 0.8157 -0.1939 -0.545
-58.0513 28.9195 38.7887 0.1563 0.375 0.7689 -0.3805 -0.5138
-49.3686 28.9195 49.3686 0.125 0.375 0.6539 -0.3805 -0.6539
-58.0513 28.9195 38.7887 0.1563 0.375 0.7689 -0.3805 -0.5138
-61.627 14.743 41.1778 0.1563 0.4375 0.8157 -0.1939 -0.545
-68.4762 14.743 28.3638 0.1875 0.4375 0.9063 -0.1939 -0.3754
-68.4762 14.743 28.3638 0.1875 0.4375 0.9063 -0.1939 -0.3754
-64.5032 28.9195 26.7181 0.1875 0.375 0.8544 -0.3805 -0.3539
-58.0513 28.9195 38.7887 0.1563 0.375 0.7689 -0.3805 -0.5138
-64.5032 28.9195 26.7181 0.1875 0.375 0.8544 -0.3805 -0.3539
-68.4762 14.743 28.3638 0.1875 0.4375 0.9063 -0.1939 -0.3754
-72.694 14.743 14.4597 0.2187 0.4375 0.9622 -0.1939 -0.1914
-72.694 14.743 14.4597 0.2187 0.4375 0.9622 -0.1939 -0.1914
-68.4762 28.9195 13.6207 0.2187 0.375 0.907 -0.3805 -0.1804
-64.5032 28.9195 26.7181 0.1875 0.375 0.8544 -0.3805 -0.3539
-68.4762 28.9195 13.6207 0.2187 0.375 0.907 -0.3805 -0.1804
-72.694 14.743 14.4597 0.2187 0.4375 0.9622 -0.1939 -0.1914
-74.1181 14.743 -0 0.25 0.4375 0.981 -0.1939 0
-74.1181 14.743 -0 0.25 0.4375 0.981 -0.1939 0
-69.8177 28.9195 -0 0.25 0.375 0.9248 -0.3805 0
-68.4762 28.9195 13.6207 0.2187 0.375 0.907 -0.3805 -0.1804
-69.8177 28.9195 -0 0.25 0.375 0.9248 -0.3805 0
-74.1181 14.743 -0 0.25 0.4375 0.981 -0.1939 0
-72.6939 14.743 -14.4598 0.2812 0.4375 0.9622 -0.1939 0.1914
-72.6939 14.743 -14.4598 0.2812 0.4375 0.9622 -0.1939 0.1914
-68.4762 28.9195 -13.6208 0.2812 0.375 0.907 -0.3805 0.1804
-69.8177 28.9195 -0 0.25 0.375 0.9248 -0.3805 0
-68.4762 28.9195 -13.6208 0.2812 0.375 0.907 -0.3805 0.1804
-72.6939 14.743 -14.4598 0.2812 0.4375 0.9622 -0.1939 0.1914
-68.4762 14.743 -28.3638 0.3125 0.4375 0.9063 -0.1939 0.3754
-68.4762 14.743 -28.3638 0.3125 0.4375 0.9063 -0.1939 0.3754
-64.5032 28.9195 -26.7181 0.3125 0.375 0.8544 -0.3805 0.3539
-68.4762 28.9195 -13.6208 0.2812 0.375 0.907 -0.3805 0.1804
-64.5032 28.9195 -26.7181 0.3125 0.375 0.8544 -0.3805 0.3539
-68.4762 14.743 -28.3638 0.3125 0.4375 0.9063 -0.1939 0.3754
-61.6269 14.743 -41.1779 0.3437 0.4375 0.8157 -0.1939 0.545
-61.6269 14.743 -41.1779 0.3437 0.4375 0.8157 -0.1939 0.545
-58.0513 28.9195 -38.7887 0.3437 0.375 0.7689 -0.3805 0.5138
-64.5032 28.9195 -26.7181 0.3125 0.375 0.8544 -0.3805 0.3539
-58.0513 28.9195 -38.7887 0.3437 0.375 0.7689 -0.3805 0.5138
-61.6269 14.743 -41.1779 0.3437 0.4375 0.8157 -0.1939 0.545
-52.4094 14.743 -52.4095 0.375 0.4375 0.6937 -0.1939 0.6937
-52.4094 14.743 -52.4095 0.375 0.4375 0.6937 -0.1939 0.6937
-49.3686 28.9195 -49.3686 0.375 0.375 0.6539 -0.3805 0.6539
-58.0513 28.9195 -38.7887 0.3437 0.375 0.7689 -0.3805 0.5138
-49.3686 28.9195 -49.3686 0.375 0.375 0.6539 -0.3805 0.6539
-52.4094 14.743 -52.4095 0.375 0.4375 0.6937 -0.1939 0.6937
-41.1778 14.743 -61.627 0.4063 0.4375 0.545 -0.1939 0.8157
-41.1778 14.743 -61.627 0.4063 0.4375 0.545 -0.1939 0.8157
-38.7886 28.9195 -58.0514 0.4063 0.375 0.5138 -0.3805 0.7689
-49.3686 28.9195 -49.3686 0.375 0.375 0.6539 -0.3805 0.6539
-38.7886 28.9195 -58.0514 0.4063 0.375 0.5138 -0.3805 0.7689
-41.1778 14.743 -61.627 0.4063 0.4375 0.545 -0.1939 0.8157
-28.3637 14.743 -68.4762 0.4375 0.4375 0.3754 -0.1939 0.9063
-28.3637 14.743 -68.4762 0.4375 0.4375 0.3754 -0.1939 0.9063
-26.718 28.9195 -64.5032 0.4375 0.375 0.3539 -0.3805 0.8544
-38.7886 28.9195 -58.0514 0.4063 0.375 0.5138 -0.3805 0.7689
-26.718 28.9195 -64.5032 0.4375 0.375 0.3539 -0.3805 0.8544
-28.3637 14.743 -68.4762 0.4375 0.4375 0.3754 -0.1939 0.9063
-14.4597 14.743 -72.694 0.4688 0.4375 0.1914 -0.1939 0.9622
-14.4597 14.743 -72.694 0.4688 0.4375 0.1914 -0.1939 0.9622
-13.6207 28.9195 -68.4762 0.4688 0.375 0.1804 -0.3805 0.907
-26.718 28.9195 -64.5032 0.4375 0.375 0.3539 -0.3805 0.8544
-13.6207 28.9195 -68.4762 0.4688 0.375 0.1804 -0.3805 0.907
-14.4597 14.743 -72.694 0.4688 0.4375 0.1914 -0.1939 0.9622
0.0001 14.743 -74.1181 0.5 0.4375 -0 -0.1939 0.981
0.0001 14.743 -74.1181 0.5 0.4375 -0 -0.1939 0.981
0.0001 28.9195 -69.8177 0.5 0.375 -0 -0.3805 0.9248
-13.6207 28.9195 -68.4762 0.4688 0.375 0.1804 -0.3805 0.907
0.0001 28.9195 -69.8177 0.5 0.375 -0 -0.3805 0.9248
0.0001 14.743 -74.1181 0.5 0.4375 -0 -0.1939 0.981
14.4598 14.743 -72.6939 0.5313 0.4375 -0.1914 -0.1939 0.9622
14.4598 14.743 -72.6939 0.5313 0.4375 -0.1914 -0.1939 0.9622
13.6208 28.9195 -68.4762 0.5313 0.375 -0.1804 -0.3805 0.907
0.0001 28.9195 -69.8177 0.5 0.375 -0 -0.3805 0.9248
13.6208 28.9195 -68.4762 0.5313 0.375 -0.1804 -0.3805 0.907
14.4598 14.743 -72.6939 0.5313 0.4375 -0.1914 -0.1939 0.9622
28.3638 14.743 -68.4762 0.5625 0.4375 -0.3754 -0.1939 0.9063
28.3638 14.743 -68.4762 0.5625 0.4375 -0.3754 -0.1939 0.9063
26.7182 28.9195 -64.5032 0.5625 0.375 -0.3539 -0.3805 0.8544
13.6208 28.9195 -68.4762 0.5313 0.375 -0.1804 -0.3805 0.907
26.7182 28.9195 -64.5032 0.5625 0.375 -0.3539 -0.3805 0.8544
28.3638 14.743 -68.4762 0.5625 0.4375 -0.3754 -0.1939 0.9063
41.1779 14.743 -61.6269 0.5938 0.4375 -0.545 -0.1939 0.8157
41.1779 14.743 -61.6269 0.5938 0.4375 -0.545 -0.1939 0.8157
38.7887 28.9195 -58.0513 0.5938 0.375 -0.5138 -0.3805 0.7689
26.7182 28.9195 -64.5032 0.5625 0.375 -0.3539 -0.3805 0.8544
38.7887 28.9195 -58.0513 0.5938 0.375 -0.5138 -0.3805 0.7689
41.1779 14.743 -61.6269 0.5938 0.4375 -0.545 -0.1939 0.8157
52.4095 14.743 -52.4094 0.625 0.4375 -0.6937 -0.1939 0.6937
52.4095 14.743 -52.4094 0.625 0.4375 -0.6937 -0.1939 0.6937
49.3687 28.9195 -49.3685 0.625 0.375 -0.6539 -0.3805 0.6539
38.7887 28.9195 -58.0513 0.5938 0.375 -0.5138 -0.3805 0.7689
49.3687 28.9195 -49.3685 0.625 0.375 -0.6539 -0.3805 0.6539
52.4095 14.743 -52.4094 0.625 0.4375 -0.6937 -0.1939 0.6937
61.627 14.743 -41.1777 0.6563 0.4375 -0.8157 -0.1939 0.545
61.627 14.743 -41.1777 0.6563 0.4375 -0.8157 -0.1939 0.545
58.0514 28.9195 -38.7886 0.6563 0.375 -0.7689 -0.3805 0.5138
49.3687 28.9195 -49.3685 0.625 0.375 -0.6539 -0.3805 0.6539
58.0514 28.9195 -38.7886 0.6563 0.375 -0.7689 -0.3805 0.5138
61.627 14.743 -41.1777 0.6563 0.4375 -0.8157 -0.1939 0.545
68.4762 14.743 -28.3637 0.6875 0.4375 -0.9063 -0.1939 0.3754
68.4762 14.743 -28.3637 0.6875 0.4375 -0.9063 -0.1939 0.3754
64.5032 28.9195 -26.718 0.6875 0.375 -0.8544 -0.3805 0.3539
58.0514 28.9195 -38.7886 0.6563 0.375 -0.7689 -0.3805 0.5138
64.5032 28.9195 -26.718 0.6875 0.375 -0.8544 -0.3805 0.3539
68.4762 14.743 -28.3637 0.6875 0.4375 -0.9063 -0.1939 0.3754
72.694 14.743 -14.4596 0.7188 0.4375 -0.9622 -0.1939 0.1914
72.694 14.743 -14.4596 0.7188 0.4375 -0.9622 -0.1939 0.1914
68.4762 28.9195 -13.6207 0.7188 0.375 -0.907 -0.3805 0.1804
64.5032 28.9195 -26.718 0.6875 0.375 -0.8544 -0.3805 0.3539
68.4762 28.9195 -13.6207 0.7188 0.375 -0.907 -0.3805 0.1804
72.694 14.743 -14.4596 0.7188 0.4375 -0.9622 -0.1939 0.1914
74.1181 14.743 0.0001 0.75 0.4375 -0.981 -0.1939 -0
74.1181 14.743 0.0001 0.75 0.4375 -0.981 -0.1939 -0
69.8177 28.9195 0.0001 0.75 0.375 -0.9248 -0.3805 -0
68.4762 28.9195 -13.6207 0.7188 0.375 -0.907 -0.3805 0.1804
69.8177 28.9195 0.0001 0.75 0.375 -0.9248 -0.3805 -0
74.1181 14.743 0.0001 0.75 0.4375 -0.981 -0.1939 -0
72.6939 14.743 14.4598 0.7813 0.4375 -0.9622 -0.1939 -0.1914
72.6939 14.743 14.4598 0.7813 0.4375 -0.9622 -0.1939 -0.1914
68.4762 28.9195 13.6209 0.7813 0.375 -0.907 -0.3805 -0.1804
69.8177 28.9195 0.0001 0.75 0.375 -0.9248 -0.3805 -0
68.4762 28.9195 13.6209 0.7813 0.375 -0.907 -0.3805 -0.1804
72.6939 14.743 14.4598 0.7813 0.4375 -0.9622 -0.1939 -0.1914
68.4762 14.743 28.3639 0.8125 0.4375 -0.9063 -0.1939 -0.3754
68.4762 14.743 28.3639 0.8125 0.4375 -0.9063 -0.1939 -0.3754
64.5031 28.9195 26.7182 0.8125 0.375 -0.8544 -0.3805 -0.3539
68.4762 28.9195 13.6209 0.7813 0.375 -0.907 -0.3805 -0.1804
64.5031 28.9195 26.7182 0.8125 0.375 -0.8544 -0.3805 -0.3539
68.4762 14.743 28.3639 0.8125 0.4375 -0.9063 -0.1939 -0.3754
61.6269 14.743 41.1779 0.8438 0.4375 -0.8157 -0.1939 -0.545
61.6269 14.743 41.1779 0.8438 0.4375 -0.8157 -0.1939 -0.545
58.0513 28.9195 38.7888 0.8438 0.375 -0.7689 -0.3805 -0.5138
64.5031 28.9195 26.7182 0.8125 0.375 -0.8544 -0.3805 -0.3539
58.0513 28.9195 38.7888 0.8438 0.375 -0.7689 -0.3805 -0.5138
61.6269 14.743 41.1779 0.8438 0.4375 -0.8157 -0.1939 -0.545
52.4093 14.743 52.4095 0.875 0.4375 -0.6937 -0.1939 -0.6937
52.4093 14.743 52.4095 0.875 0.4375 -0.6937 -0.1939 -0.6937
49.3685 28.9195 49.3687 0.875 0.375 -0.6539 -0.3805 -0.6539
58.0513 28.9195 38.7888 0.8438 0.375 -0.7689 -0.3805 -0.5138
49.3685 28.9195 49.3687 0.875 0.375 -0.6539 -0.3805 -0.6539
52.4093 14.743 52.4095 0.875 0.4375 -0.6937 -0.1939 -0.6937
41.1777 14.743 61.627 0.9063 0.4375 -0.545 -0.1939 -0.8157
41.1777 14.743 61.627 0.9063 0.4375 -0.545 -0.1939 -0.8157
38.7885 28.9195 58.0514 0.9063 0.375 -0.5138 -0.3805 -0.7689
49.3685 28.9195 49.3687 0.875 0.375 -0.6539 -0.3805 -0.6539
38.7885 28.9195 58.0514 0.9063 0.375 -0.5138 -0.3805 -0.7689
41.1777 14.743 61.627 0.9063 0.4375 -0.545 -0.1939 -0.8157
28.3636 14.743 68.4763 0.9375 0.4375 -0.3754 -0.1939 -0.9063
28.3636 14.743 68.4763 0.9375 0.4375 -0.3754 -0.1939 -0.9063
26.718 28.9195 64.5032 0.9375 0.375 -0.3539 -0.3805 -0.8544
38.7885 28.9195 58.0514 0.9063 0.375 -0.5138 -0.3805 -0.7689
26.718 28.9195 64.5032 0.9375 0.375 -0.3539 -0.3805 -0.8544
28.3636 14.743 68.4763 0.9375 0.4375 -0.3754 -0.1939 -0.9063
14.4596 14.743 72.694 0.9688 0.4375 -0.1914 -0.1939 -0.9622
14.4596 14.743 72.694 0.9688 0.4375 -0.1914 -0.1939 -0.9622
13.6206 28.9195 68.4762 0.9688 0.375 -0.1804 -0.3805 -0.907
26.718 28.9195 64.5032 0.9375 0.375 -0.3539 -0.3805 -0.8544
13.6206 28.9195 68.4762 0.9688 0.375 -0.1804 -0.3805 -0.907
14.4596 14.743 72.694 0.9688 0.4375 -0.1914 -0.1939 -0.9622
-0 14.743 74.1181 1 0.4375 0 -0.1939 -0.981
-0 14.743 74.1181 1 0.4375 0 -0.1939 -0.981
-0 28.9195 69.8177 1 0.375 0 -0.3805 -0.9248
13.6206 28.9195 68.4762 0.9688 0.375 -0.1804 -0.3805 -0.907
-0 14.743 74.1181 0 0.4375 0 -0.1939 -0.981
-0 0 75.5702 0 0.5 0 -0.098 -0.9952
-14.743 0 74.1181 0.0313 0.5 0.1942 -0.098 -0.9761
-14.743 0 74.1181 0.0313 0.5 0.1942 -0.098 -0.9761
-14.4597 14.743 72.6939 0.0313 0.4375 0.1914 -0.1939 -0.9622
-0 14.743 74.1181 0 0.4375 0 -0.1939 -0.981
-14.4597 14.743 72.6939 0.0313 0.4375 0.1914 -0.1939 -0.9622
-14.743 0 74.1181 0.0313 0.5 0.1942 -0.098 -0.9761
-28.9195 0 69.8177 0.0625 0.5 0.3808 -0.098 -0.9194
-28.9195 0 69.8177 0.0625 0.5 0.3808 -0.098 -0.9194
-28.3638 14.743 68.4762 0.0625 0.4375 0.3754 -0.1939 -0.9063
-14.4597 14.743 72.6939 0.0313 0.4375 0.1914 -0.1939 -0.9622
-28.3638 14.743 68.4762 0.0625 0.4375 0.3754 -0.1939 -0.9063
-28.9195 0 69.8177 0.0625 0.5 0.3808 -0.098 -0.9194
-41.9845 0 62.8343 0.0938 0.5 0.5529 -0.098 -0.8275
-41.9845 0 62.8343 0.0938 0.5 0.5529 -0.098 -0.8275
-41.1778 14.743 61.627 0.0938 0.4375 0.545 -0.1939 -0.8157
-28.3638 14.743 68.4762 0.0625 0.4375 0.3754 -0.1939 -0.9063
-41.1778 14.743 61.627 0.0938 0.4375 0.545 -0.1939 -0.8157
-41.9845 0 62.8343 0.0938 0.5 0.5529 -0.098 -0.8275
-53.4362 0 53.4362 0.125 0.5 0.7037 -0.098 -0.7037
-53.4362 0 53.4362 0.125 0.5 0.7037 -0.098 -0.7037
-52.4094 14.743 52.4094 0.125 0.4375 0.6937 -0.1939 -0.6937
-41.1778 14.743 61.627 0.0938 0.4375 0.545 -0.1939 -0.8157
-52.4094 14.743 52.4094 0.125 0.4375 0.6937 -0.1939 -0.6937
-53.4362 0 53.4362 0.125 0.5 0.7037 -0.098 -0.7037
-62.8343 0 41.9845 0.1563 0.5 0.8275 -0.098 -0.5529
-62.8343 0 41.9845 0.1563 0.5 0.8275 -0.098 -0.5529
-61.627 14.743 41.1778 0.1563 0.4375 0.8157 -0.1939 -0.545
-52.4094 14.743 52.4094 0.125 0.4375 0.6937 -0.1939 -0.6937
-61.627 14.743 41.1778 0.1563 0.4375 0.8157 -0.1939 -0.545
-62.8343 0 41.9845 0.1563 0.5 0.8275 -0.098 -0.5529
-69.8177 0 28.9194 0.1875 0.5 0.9194 -0.098 -0.3808
-69.8177 0 28.9194 0.1875 0.5 0.9194 -0.098 -0.3808
-68.4762 14.743 28.3638 0.1875 0.4375 0.9063 -0.1939 -0.3754
-61.627 14.743 41.1778 0.1563 0.4375 0.8157 -0.1939 -0.545
-68.4762 14.743 28.3638 0.1875 0.4375 0.9063 -0.1939 -0.3754
-69.8177 0 28.9194 0.1875 0.5 0.9194 -0.098 -0.3808
-74.1181 0 14.743 0.2187 0.5 0.9761 -0.098 -0.1942
-74.1181 0 14.743 0.2187 0.5 0.9761 -0.098 -0.1942
-72.694 14.743 14.4597 0.2187 0.4375 0.9622 -0.1939 -0.1914
-68.4762 14.743 28.3638 0.1875 0.4375 0.9063 -0.1939 -0.3754
-72.694 14.743 14.4597 0.2187 0.4375 0.9622 -0.1939 -0.1914
-74.1181 0 14.743 0.2187 0.5 0.9761 -0.098 -0.1942
-75.5702 0 -0 0.25 0.5 0.9952 -0.098 0
-75.5702 0 -0 0.25 0.5 0.9952 -0.098 0
-74.1181 14.743 -0 0.25 0.4375 0.981 -0.1939 0
-72.694 14.743 14.4597 0.2187 0.4375 0.9622 -0.1939 -0.1914
-74.1181 14.743 -0 0.25 0.4375 0.981 -0.1939 0
-75.5702 0 -0 0.25 0.5 0.9952 -0.098 0
-74.1181 0 -14.743 0.2812 0.5 0.9761 -0.098 0.1942
-74.1181 0 -14.743 0.2812 0.5 0.9761 -0.098 0.1942
-72.6939 14.743 -14.4598 0.2812 0.4375 0.9622 -0.1939 0.1914
-74.1181 14.743 -0 0.25 0.4375 0.981 -0.1939 0
-72.6939 14.743 -14.4598 0.2812 0.4375 0.9622 -0.1939 0.1914
-74.1181 0 -14.743 0.2812 0.5 0.9761 -0.098 0.1942
-69.8177 0 -28.9195 0.3125 0.5 0.9194 -0.098 0.3808
-69.8177 0 -28.9195 0.3125 0.5 0.9194 -0.098 0.3808
-68.4762 14.743 -28.3638 0.3125 0.4375 0.9063 -0.1939 0.3754
-72.6939 14.743 -14.4598 0.2812 0.4375 0.9622 -0.1939 0.1914
-68.4762 14.743 -28.3638 0.3125 0.4375 0.9063 -0.1939 0.3754
-69.8177 0 -28.9195 0.3125 0.5 0.9194 -0.098 0.3808
-62.8343 0 -41.9846 0.3437 0.5 0.8275 -0.098 0.5529
-62.8343 0 -41.9846 0.3437 0.5 0.8275 -0.098 0.5529
-61.6269 14.743 -41.1779 0.3437 0.4375 0.8157 -0.1939 0.545
-68.4762 14.743 -28.3638 0.3125 0.4375 0.9063 -0.1939 0.3754
-61.6269 14.743 -41.1779 0.3437 0.4375 0.8157 -0.1939 0.545
-62.8343 0 -41.9846 0.3437 0.5 0.8275 -0.098 0.5529
-53.4361 0 -53.4362 0.375 0.5 0.7037 -0.098 0.7037
-53.4361 0 -53.4362 0.375 0.5 0.7037 -0.098 0.7037
-52.4094 14.743 -52.4095 0.375 0.4375 0.6937 -0.1939 0.6937
-61.6269 14.743 -41.1779 0.3437 0.4375 0.8157 -0.1939 0.545
-52.4094 14.743 -52.4095 0.375 0.4375 0.6937 -0.1939 0.6937
-53.4361 0 -53.4362 0.375 0.5 0.7037 -0.098 0.7037
-41.9845 0 -62.8343 0.4063 0.5 0.5529 -0.098 0.8275
-41.9845 0 -62.8343 0.4063 0.5 0.5529 -0.098 0.8275
-41.1778 14.743 -61.627 0.4063 0.4375 0.545 -0.1939 0.8157
-52.4094 14.743 -52.4095 0.375 0.4375 0.6937 -0.1939 0.6937
-41.1778 14.743 -61.627 0.4063 0.4375 0.545 -0.1939 0.8157
-41.9845 0 -62.8343 0.4063 0.5 0.5529 -0.098 0.8275
-28.9194 0 -69.8178 0.4375 0.5 0.3808 -0.098 0.9194
-28.9194 0 -69.8178 0.4375 0.5 0.3808 -0.098 0.9194
-28.3637 14.743 -68.4762 0.4375 0.4375 0.3754 -0.1939 0.9063
-41.1778 14.743 -61.627 0.4063 0.4375 0.545 -0.1939 0.8157
-28.3637 14.743 -68.4762 0.4375 0.4375 0.3754 -0.1939 0.9063
-28.9194 0 -69.8178 0.4375 0.5 0.3808 -0.098 0.9194
-14.7429 0 -74.1181 0.4688 0.5 0.1942 -0.098 0.9761
-14.7429 0 -74.1181 0.4688 0.5 0.1942 -0.098 0.9761
-14.4597 14.743 -72.694 0.4688 0.4375 0.1914 -0.1939 0.9622
-28.3637 14.743 -68.4762 0.4375 0.4375 0.3754 -0.1939 0.9063
-14.4597 14.743 -72.694 0.4688 0.4375 0.1914 -0.1939 0.9622
-14.7429 0 -74.1181 0.4688 0.5 0.1942 -0.098 0.9761
0.0001 0 -75.5702 0.5 0.5 -0 -0.098 0.9952
0.0001 0 -75.5702 0.5 0.5 -0 -0.098 0.9952
0.0001 14.743 -74.1181 0.5 0.4375 -0 -0.1939 0.981
-14.4597 14.743 -72.694 0.4688 0.4375 0.1914 -0.1939 0.9622
0.0001 14.743 -74.1181 0.5 0.4375 -0 -0.1939 0.981
0.0001 0 -75.5702 0.5 0.5 -0 -0.098 0.9952
14.7431 0 -74.1181 0.5313 0.5 -0.1942 -0.098 0.9761
14.7431 0 -74.1181 0.5313 0.5 -0.1942 -0.098 0.9761
14.4598 14.743 -72.6939 0.5313 0.4375 -0.1914 -0.1939 0.9622
0.0001 14.743 -74.1181 0.5 0.4375 -0 -0.1939 0.981
14.4598 14.743 -72.6939 0.5313 0.4375 -0.1914 -0.1939 0.9622
14.7431 0 -74.1181 0.5313 0.5 -0.1942 -0.098 0.9761
28.9195 0 -69.8177 0.5625 0.5 -0.3808 -0.098 0.9194
28.9195 0 -69.8177 0.5625 0.5 -0.3808 -0.098 0.9194
28.3638 14.743 -68.4762 0.5625 0.4375 -0.3754 -0.1939 0.9063
14.4598 14.743 -72.6939 0.5313 0.4375 -0.1914 -0.1939 0.9622
28.3638 14.743 -68.4762 0.5625 0.4375 -0.3754 -0.1939 0.9063
28.9195 0 -69.8177 0.5625 0.5 -0.3808 -0.098 0.9194
41.9846 0 -62.8343 0.5938 0.5 -0.5529 -0.098 0.8275
41.9846 0 -62.8343 0.5938 0.5 -0.5529 -0.098 0.8275
41.1779 14.743 -61.6269 0.5938 0.4375 -0.545 -0.1939 0.8157
28.3638 14.743 -68.4762 0.5625 0.4375 -0.3754 -0.1939 0.9063
41.1779 14.743 -61.6269 0.5938 0.4375 -0.545 -0.1939 0.8157
41.9846 0 -62.8343 0.5938 0.5 -0.5529 -0.098 0.8275
53.4363 0 -53.4361 0.625 0.5 -0.7037 -0.098 0.7037
53.4363 0 -53.4361 0.625 0.5 -0.7037 -0.098 0.7037
52.4095 14.743 -52.4094 0.625 0.4375 -0.6937 -0.1939 0.6937
41.1779 14.743 -61.6269 0.5938 0.4375 -0.545 -0.1939 0.8157
52.4095 14.743 -52.4094 0.625 0.4375 -0.6937 -0.1939 0.6937
53.4363 0 -53.4361 0.625 0.5 -0.7037 -0.098 0.7037
62.8344 0 -41.9845 0.6563 0.5 -0.8275 -0.098 0.5529
62.8344 0 -41.9845 0.6563 0.5 -0.8275 -0.098 0.5529
61.627 14.743 -41.1777 0.6563 0.4375 -0.8157 -0.1939 0.545
52.4095 14.743 -52.4094 0.625 0.4375 -0.6937 -0.1939 0.6937
61.627 14.743 -41.1777 0.6563 0.4375 -0.8157 -0.1939 0.545
62.8344 0 -41.9845 0.6563 0.5 -0.8275 -0.098 0.5529
69.8178 0 -28.9194 0.6875 0.5 -0.9194 -0.098 0.3808
69.8178 0 -28.9194 0.6875 0.5 -0.9194 -0.098 0.3808
68.4762 14.743 -28.3637 0.6875 0.4375 -0.9063 -0.1939 0.3754
61.627 14.743 -41.1777 0.6563 0.4375 -0.8157 -0.1939 0.545
68.4762 14.743 -28.3637 0.6875 0.4375 -0.9063 -0.1939 0.3754
69.8178 0 -28.9194 0.6875 0.5 -0.9194 -0.098 0.3808
74.1181 0 -14.7429 0.7188 0.5 -0.9761 -0.098 0.1941
74.1181 0 -14.7429 0.7188 0.5 -0.9761 -0.098 0.1941
72.694 14.743 -14.4596 0.7188 0.4375 -0.9622 -0.1939 0.1914
68.4762 14.743 -28.3637 0.6875 0.4375 -0.9063 -0.1939 0.3754
72.694 14.743 -14.4596 0.7188 0.4375 -0.9622 -0.1939 0.1914
74.1181 0 -14.7429 0.7188 0.5 -0.9761 -0.098 0.1941
75.5702 0 0.0001 0.75 0.5 -0.9952 -0.098 -0
75.5702 0 0.0001 0.75 0.5 -0.9952 -0.098 -0
74.1181 14.743 0.0001 0.75 0.4375 -0.981 -0.1939 -0
72.694 14.743 -14.4596 0.7188 0.4375 -0.9622 -0.1939 0.1914
74.1181 14.743 0.0001 0.75 0.4375 -0.981 -0.1939 -0
75.5702 0 0.0001 0.75 0.5 -0.9952 -0.098 -0
74.1181 0 14.7431 0.7813 0.5 -0.9761 -0.098 -0.1942
74.1181 0 14.7431 0.7813 0.5 -0.9761 -0.098 -0.1942
72.6939 14.743 14.4598 0.7813 0.4375 -0.9622 -0.1939 -0.1914
74.1181 14.743 0.0001 0.75 0.4375 -0.981 -0.1939 -0
72.6939 14.743 14.4598 0.7813 0.4375 -0.9622 -0.1939 -0.1914
74.1181 0 14.7431 0.7813 0.5 -0.9761 -0.098 -0.1942
69.8177 0 28.9196 0.8125 0.5 -0.9194 -0.098 -0.3808
69.8177 0 28.9196 0.8125 0.5 -0.9194 -0.098 -0.3808
68.4762 14.743 28.3639 0.8125 0.4375 -0.9063 -0.1939 -0.3754
72.6939 14.743 14.4598 0.7813 0.4375 -0.9622 -0.1939 -0.1914
68.4762 14.743 28.3639 0.8125 0.4375 -0.9063 -0.1939 -0.3754
69.8177 0 28.9196 0.8125 0.5 -0.9194 -0.098 -0.3808
62.8342 0 41.9847 0.8438 0.5 -0.8275 -0.098 -0.5529
62.8342 0 41.9847 0.8438 0.5 -0.8275 -0.098 -0.5529
61.6269 14.743 41.1779 0.8438 0.4375 -0.8157 -0.1939 -0.545
68.4762 14.743 28.3639 0.8125 0.4375 -0.9063 -0.1939 -0.3754
61.6269 14.743 41.1779 0.8438 0.4375 -0.8157 -0.1939 -0.545
62.8342 0 41.9847 0.8438 0.5 -0.8275 -0.098 -0.5529
53.4361 0 53.4363 0.875 0.5 -0.7037 -0.098 -0.7037
53.4361 0 53.4363 0.875 0.5 -0.7037 -0.098 -0.7037
52.4093 14.743 52.4095 0.875 0.4375 -0.6937 -0.1939 -0.6937
61.6269 14.743 41.1779 0.8438 0.4375 -0.8157 -0.1939 -0.545
52.4093 14.743 52.4095 0.875 0.4375 -0.6937 -0.1939 -0.6937
53.4361 0 53.4363 0.875 0.5 -0.7037 -0.098 -0.7037
41.9844 0 62.8344 0.9063 0.5 -0.5529 -0.098 -0.8275
41.9844 0 62.8344 0.9063 0.5 -0.5529 -0.098 -0.8275
41.1777 14.743 61.627 0.9063 0.4375 -0.545 -0.1939 -0.8157
52.4093 14.743 52.4095 0.875 0.4375 -0.6937 -0.1939 -0.6937
41.1777 14.743 61.627 0.9063 0.4375 -0.545 -0.1939 -0.8157
41.9844 0 62.8344 0.9063 0.5 -0.5529 -0.098 -0.8275
28.9193 0 69.8178 0.9375 0.5 -0.3808 -0.098 -0.9194
28.9193 0 69.8178 0.9375 0.5 -0.3808 -0.098 -0.9194
28.3636 14.743 68.4763 0.9375 0.4375 -0.3754 -0.1939 -0.9063
41.1777 14.743 61.627 0.9063 0.4375 -0.545 -0.1939 -0.8157
28.3636 14.743 68.4763 0.9375 0.4375 -0.3754 -0.1939 -0.9063
28.9193 0 69.8178 0.9375 0.5 -0.3808 -0.098 -0.9194
14.7429 0 74.1181 0.9688 0.5 -0.1941 -0.098 -0.9761
14.7429 0 74.1181 0.9688 0.5 -0.1941 -0.098 -0.9761
14.4596 14.743 72.694 0.9688 0.4375 -0.1914 -0.1939 -0.9622
28.3636 14.743 68.4763 0.9375 0.4375 -0.3754 -0.1939 -0.9063
14.4596 14.743 72.694 0.9688 0.4375 -0.1914 -0.1939 -0.9622
14.7429 0 74.1181 0.9688 0.5 -0.1941 -0.098 -0.9761
-0 0 75.5702 1 0.5 0 -0.098 -0.9952
-0 0 75.5702 1 0.5 0 -0.098 -0.9952
-0 14.743 74.1181 1 0.4375 0 -0.1939 -0.981
14.4596 14.743 72.694 0.9688 0.4375 -0.1914 -0.1939 -0.9622
